1651700853.0130198 8.683508985399799 -2.933461547286729 -0.7295557704432
1651700853.1130197 8.77520228888989 -2.9741979630559965 -0.7290667667591023
1651700853.2130198 8.866895592379983 -3.0149343788252643 -0.7285777630750047
1651700853.3130198 8.958588895870074 -3.0556707945945316 -0.728088759390907
1651700853.41302 9.050282199360167 -3.0964072103637994 -0.7275997557068092
1651700853.5130198 9.140961305524177 -3.136290188247954 -0.7267603331942902
1651700853.6130197 9.231640195469781 -3.176172984186276 -0.7259208359754028
1651700853.7130198 9.322319085415387 -3.2160557801245973 -0.7250813387565153
1651700853.8130198 9.412997349064407 -3.255938246352364 -0.7242418766993508
1651700853.91302 9.496614738229415 -3.292103552215805 -0.7237988282857859
1651700854.0130198 9.58023212739442 -3.3282688580792454 -0.7233557798722211
1651700854.1130197 9.663849516559427 -3.364434163942686 -0.7229127314586563
1651700854.2130198 9.747467125444107 -3.4005973962680187 -0.7224695528139271
1651700854.3130198 9.831244843609491 -3.435249645558114 -0.7219314749825647
1651700854.41302 9.915022561774872 -3.4699018948482077 -0.7213933971512023
1651700854.5130198 9.998800279940255 -3.5045541441383015 -0.7208553193198399
1651700854.6130197 10.082557984699285 -3.5391952306751335 -0.7203186041714617
1651700854.7130198 10.158328996423855 -3.5693816290817577 -0.7203256910378654
1651700854.8130198 10.23410000814842 -3.5995680274883806 -0.7203327779042691
1651700854.91302 10.309871019872986 -3.6297544258950034 -0.7203398647706728
1651700855.0130198 10.38566908306569 -3.6599584801489886 -0.7203453531926426
1651700855.1130197 10.46871797041595 -3.694894974207423 -0.7199223976034241
1651700855.2130198 10.551766857766207 -3.729831468265856 -0.7194994420142056
1651700855.3130198 10.634815745116466 -3.764767962324289 -0.7190764864249871
1651700855.41302 10.717890934521682 -3.7997403727447296 -0.7186503837563876
1651700855.5130198 10.8083958109443 -3.8448582766997683 -0.7173353081592964
1651700855.6130197 10.898900687366913 -3.8899761806548057 -0.7160202325622052
1651700855.7130198 10.989405563789525 -3.935094084609843 -0.7147051569651139
1651700855.8130198 11.079904834656514 -3.9802126395753814 -0.7133934709807904
1651700855.91302 11.168728163060287 -4.02552583289829 -0.7130952074556903
1651700856.0130198 11.257551491464058 -4.070839026221196 -0.7127969439305903
1651700856.1130197 11.346374819867828 -4.116152219544103 -0.7124986804054902
1651700856.2130198 11.43520242250398 -4.161465120691883 -0.7122019860556243
1651700856.3130198 11.525199934164371 -4.206698049978213 -0.7123347939191469
1651700856.41302 11.615197445824759 -4.25193097926454 -0.7124676017826694
1651700856.5130198 11.705194957485148 -4.297163908550869 -0.712600409646192
1651700856.6130197 11.795188623280731 -4.3423908740870365 -0.7127336185046368
1651700856.7130198 11.884136230870407 -4.385995725974279 -0.7129758962071873
1651700856.8130198 11.973083838460079 -4.42960057786152 -0.7132181739097376
1651700856.91302 12.062031446049751 -4.473205429748762 -0.713460451612288
1651700857.0130198 12.150983342831159 -4.516814599657342 -0.7136999227860479
1651700857.1130197 12.24116062738874 -4.561657393729794 -0.7131375911288697
1651700857.2130198 12.331337911946317 -4.606500187802245 -0.7125752594716915
1651700857.3130198 12.421515196503895 -4.651342981874696 -0.7120129278145134
1651700857.41302 12.511689106013803 -4.696192314762965 -0.7114483059426221
1651700857.5130198 12.60069898368043 -4.743296842411021 -0.7100938040122479
1651700857.6130197 12.689708861347057 -4.790401370059074 -0.7087393020818736
1651700857.7130198 12.778718739013682 -4.8375058977071275 -0.7073848001514995
1651700857.8130198 12.86773140064173 -4.884608701760012 -0.7060297521737217
1651700857.91302 12.95754149627144 -4.931217801631193 -0.7045182951440363
1651700858.0130198 13.047351591901148 -4.977826901502371 -0.7030068381143509
1651700858.1130197 13.137161687530856 -5.02443600137355 -0.7014953810846656
1651700858.2130198 13.226965420476057 -5.071039237917616 -0.6999895184168503
1651700858.3130198 13.314728650552489 -5.1157621147201615 -0.7002777587618324
1651700858.41302 13.402491880628919 -5.160484991522706 -0.7005659991068145
1651700858.5130198 13.490255110705347 -5.20520786832525 -0.7008542394517967
1651700858.6130197 13.57802305651756 -5.249931532906346 -0.7011387297968492
1651700858.7130198 13.667106309915956 -5.294874923772283 -0.70037727448609
1651700858.8130198 13.756189563314349 -5.339818314638218 -0.6996158191753308
1651700858.91302 13.845272816712741 -5.384761705504153 -0.6988543638645717
1651700859.0130198 13.934353914818615 -5.4297052072752745 -0.6980931396848048
1651700859.1130197 14.022859535498313 -5.47467832146792 -0.6973936290159672
1651700859.2130198 14.111365156178007 -5.519651435660563 -0.6966941183471297
1651700859.3130198 14.1998707768577 -5.564624549853207 -0.6959946076782921
1651700859.41302 14.288376397537398 -5.609597664045852 -0.6952950970094546
1651700859.5130198 14.376980013412766 -5.654589427576337 -0.6945478178166371
1651700859.6130197 14.465584371151301 -5.699581332289831 -0.6938001769968183
1651700859.7130198 14.554188728889837 -5.744573237003326 -0.6930525361769996
1651700859.8130198 14.642793086628377 -5.789565141716823 -0.6923048953571809
1651700859.91302 14.731971950700427 -5.835012086542254 -0.6910826602775864
1651700860.0130198 14.821154461809472 -5.880461920018387 -0.689857412415148
1651700860.1130197 14.91033697291852 -5.925911753494521 -0.6886321645527095
1651700860.2130198 14.99951948402757 -5.971361586970657 -0.687406916690271
1651700860.3130198 15.089356908694288 -6.01576040387351 -0.6858650755639618
1651700860.41302 15.179198459840498 -6.060152598530893 -0.6843212396467423
1651700860.5130198 15.269040010986709 -6.104544793188276 -0.6827774037295227
1651700860.6130197 15.358881562132922 -6.14893698784566 -0.6812335678123032
1651700860.7130198 15.449192329417745 -6.193251415192344 -0.681138062678459
1651700860.8130198 15.53950576828906 -6.237565399753538 -0.6810508039382109
1651700860.91302 15.629819207160374 -6.281879384314731 -0.680963545197963
1651700861.0130198 15.720132646031692 -6.326193368875927 -0.680876286457715
1651700861.1130197 15.810313548487246 -6.37068465147041 -0.6804206764787992
1651700861.2130198 15.900493758163076 -6.415176860817598 -0.679963141094954
1651700861.3130198 15.990673967838905 -6.459669070164786 -0.6795056057111089
1651700861.41302 16.08085417751474 -6.504161279511975 -0.6790480703272636
1651700861.5130198 16.169438011909936 -6.547724079608308 -0.6794121494056625
1651700861.6130197 16.25801381183208 -6.591282202036629 -0.6797803636265545
1651700861.7130198 16.34658961175422 -6.6348403244649505 -0.6801485778474464
1651700861.8130198 16.435165411676362 -6.678398446893273 -0.6805167920683385
1651700861.91302 16.525385870662593 -6.72177835046761 -0.6795184076289895
1651700862.0130198 16.615636716306263 -6.765154961277272 -0.6784947739654954
1651700862.1130197 16.705887561949933 -6.808531572086935 -0.6774711403020013
1651700862.2130198 16.796138407593606 -6.851908182896598 -0.6764475066385072
1651700862.3130198 16.887072563863022 -6.895810055334536 -0.6741670087178289
1651700862.41302 16.978010450260737 -6.939714795126194 -0.671879649693636
1651700862.5130198 17.06894833665845 -6.9836195349178505 -0.6695922906694431
1651700862.6130197 17.15988622305617 -7.027524274709508 -0.6673049316452502
1651700862.7130198 17.250389136894793 -7.071755192412661 -0.6661472307207276
1651700862.8130198 17.34088972091686 -7.11598785720234 -0.6649955805138529
1651700862.91302 17.431390304938926 -7.160220521992017 -0.6638439303069782
1651700863.0130198 17.521890888960993 -7.204453186781698 -0.6626922801001034
1651700863.1130197 17.611597465197278 -7.248075360278971 -0.6622610931288402
1651700863.2130198 17.70129861505275 -7.291693361577567 -0.6618348299227387
1651700863.3130198 17.790999764908225 -7.335311362876165 -0.6614085667166373
1651700863.41302 17.8807009147637 -7.3789293641747635 -0.6609823035105358
1651700863.5130198 17.969167445533856 -7.422331988898115 -0.661732929572645
1651700863.6130197 18.0576248448596 -7.465733020661137 -0.6624922601000076
1651700863.7130198 18.14608224418534 -7.509134052424159 -0.6632515906273702
1651700863.8130198 18.234539643511084 -7.552535084187182 -0.6640109211547327
1651700863.91302 18.32366756050873 -7.59582961660009 -0.6632802806074627
1651700864.0130198 18.412800082299803 -7.639123417626595 -0.66253940765425
1651700864.1130197 18.501932604090875 -7.6824172186531 -0.6617985347010374
1651700864.2130198 18.59106512588195 -7.725711019679606 -0.6610576617478248
1651700864.3130198 18.682064087704543 -7.7687548245783535 -0.6598982933926433
1651700864.41302 18.773075143110397 -7.811797009629187 -0.6587362133998497
1651700864.5130198 18.864086198516247 -7.854839194680021 -0.6575741334070561
1651700864.6130197 18.955097253922105 -7.8978813797308565 -0.6564120534142625
1651700864.7130198 19.046043129213643 -7.940840966174584 -0.6551436090925916
1651700864.8130198 19.13698859422745 -7.983800032699474 -0.6538744952582036
1651700864.91302 19.227934059241257 -8.026759099224366 -0.6526053814238155
1651700865.0130198 19.318879524255063 -8.069718165749258 -0.6513362675894274
1651700865.1130197 19.40983855415809 -8.113310308125014 -0.6513533784404409
1651700865.2130198 19.500797668443557 -8.156906388644709 -0.651378490446364
1651700865.3130198 19.59175678272902 -8.200502469164404 -0.6514036024522869
1651700865.41302 19.68271589701449 -8.244098549684102 -0.6514287144582099
1651700865.5130198 19.773207658667694 -8.287155499816837 -0.6510579109574607
1651700865.6130197 19.86369759093449 -8.330210339599194 -0.6506855577009227
1651700865.7130198 19.954187523201284 -8.373265179381553 -0.6503132044443849
1651700865.8130198 20.044677455468083 -8.416320019163914 -0.649940851187847
1651700865.91302 20.13565481276833 -8.459062978816483 -0.6488058321515724
1651700866.0130198 20.22663402345247 -8.501804752576717 -0.647667913156579
1651700866.1130197 20.31761323413661 -8.544546526336953 -0.6465299941615856
1651700866.2130198 20.40859244482075 -8.587288300097189 -0.6453920751665921
1651700866.3130198 20.499259900166543 -8.629197884796632 -0.6454427140035527
1651700866.41302 20.589926212479103 -8.671104418322178 -0.6454977106202555
1651700866.5130198 20.680592524791663 -8.713010951847725 -0.6455527072369585
1651700866.6130197 20.771258837104224 -8.754917485373273 -0.6456077038536614
1651700866.7130198 20.86148169204254 -8.796904415184128 -0.6452185046221056
1651700866.8130198 20.95170325162903 -8.838891579834858 -0.6448280078816302
1651700866.91302 21.041924811215523 -8.880878744485589 -0.6444375111411547
1651700867.0130198 21.132146370802023 -8.92286590913632 -0.6440470144006791
1651700867.1130197 21.22122780687553 -8.965076744854832 -0.6444093545802303
1651700867.2130198 21.31030585136659 -9.007288245938858 -0.6447739342614214
1651700867.3130198 21.399383895857653 -9.049499747022882 -0.6451385139426126
1651700867.41302 21.48846194034872 -9.091711248106908 -0.6455030936238038
1651700867.5130198 21.579855416211558 -9.13569783202018 -0.6436118897237876
1651700867.6130197 21.67125595429097 -9.179689830051757 -0.6417138055368444
1651700867.7130198 21.76265649237038 -9.223681828083334 -0.6398157213499014
1651700867.8130198 21.854057030449795 -9.267673826114914 -0.6379176371629581
1651700867.91302 21.94238125004478 -9.310117082059907 -0.6373526183773472
1651700868.0130198 22.030695537548457 -9.352555337791857 -0.6367919034787834
1651700868.1130197 22.119009825052135 -9.394993593523807 -0.6362311885802197
1651700868.2130198 22.207324112555813 -9.437431849255757 -0.6356704736816559
1651700868.3130198 22.29605285941548 -9.478121621166977 -0.6362841486521729
1651700868.41302 22.38478283839289 -9.518806195130752 -0.636901314885659
1651700868.5130198 22.4735128173703 -9.559490769094527 -0.6375184811191451
1651700868.6130197 22.562242796347714 -9.600175343058304 -0.6381356473526313
1651700868.7130198 22.654750278648333 -9.640556244708515 -0.6367994751544334
1651700868.8130198 22.74726781703013 -9.680936337953494 -0.6354581029793807
1651700868.91302 22.83978535541193 -9.721316431198474 -0.634116730804328
1651700869.0130198 22.932302893793732 -9.761696524443455 -0.6327753586292753
1651700869.1130197 23.02835223330505 -9.801386603853489 -0.6294663185919029
1651700869.2130198 23.124411172914968 -9.84107480767636 -0.6261519300638303
1651700869.3130198 23.220470112524882 -9.880763011499232 -0.6228375415357577
1651700869.41302 23.316529052134804 -9.920451215322105 -0.6195231530076849
1651700869.5130198 23.40917998544819 -9.958639885142018 -0.6200548175437254
1651700869.6130197 23.50182055681981 -9.9968239956734 -0.6205981758896961
1651700869.7130198 23.594461128191433 -10.035008106204785 -0.621141534235667
1651700869.8130198 23.68710169956306 -10.073192216736171 -0.6216848925816378
1651700869.91302 23.7783779367264 -10.110754592159894 -0.6227312321293161
1651700870.0130198 23.869650495461446 -10.148315291302252 -0.6237789277818798
1651700870.1130197 23.960923054196485 -10.185875990444606 -0.6248266234344434
1651700870.2130198 24.05219561293153 -10.223436689586963 -0.6258743190870071
1651700870.3130198 24.1449993995277 -10.261294856130355 -0.6253668270724242
1651700870.41302 24.23780722423225 -10.299153807145894 -0.6248552337633646
1651700870.5130198 24.33061504893681 -10.337012758161434 -0.624343640454305
1651700870.6130197 24.423422873641368 -10.374871709176974 -0.6238320471452455
1651700870.7130198 24.515802321699173 -10.411949189183893 -0.6239034426166339
1651700870.8130198 24.60818067044374 -10.449024663756038 -0.62397633417164
1651700870.91302 24.700559019188304 -10.48610013832818 -0.6240492257266462
1651700871.0130198 24.792937367932872 -10.523175612900323 -0.6241221172816523
1651700871.1130197 24.886185038770652 -10.561216610533792 -0.6234357525215558
1651700871.2130198 24.97943492049034 -10.599260063709906 -0.622747456801613
1651700871.3130198 25.072684802210038 -10.637303516886023 -0.6220591610816701
1651700871.41302 25.165934683929734 -10.67534697006214 -0.6213708653617273
1651700871.5130198 25.257515065596206 -10.71342749575875 -0.6213629248945148
1651700871.6130197 25.349091003691512 -10.751508120128243 -0.6213567952729974
1651700871.7130198 25.440666941786812 -10.789588744497735 -0.62135066565148
1651700871.8130198 25.53224287988212 -10.827669368867227 -0.6213445360299625
1651700871.91302 25.624036813420762 -10.865374823383295 -0.6210053470043174
1651700872.0130198 25.715831392199796 -10.903079167441536 -0.6206651721627338
1651700872.1130197 25.807625970978837 -10.94078351149978 -0.62032499732115
1651700872.2130198 25.899420549757878 -10.978487855558022 -0.6199848224795662
1651700872.3130198 25.991425976229632 -11.01593504763754 -0.6195643543702324
1651700872.41302 26.083432065426337 -11.053381431451005 -0.6191436338874853
1651700872.5130198 26.175438154623034 -11.090827815264468 -0.6187229134047383
1651700872.6130197 26.26744424381974 -11.128274199077932 -0.6183021929219912
1651700872.7130198 26.361288533274003 -11.165311958386466 -0.6176979471641586
1651700872.8130198 26.455141853863566 -11.202347710110036 -0.6170927997409145
1651700872.91302 26.548995174453136 -11.239383461833608 -0.6164876523176702
1651700873.0130198 26.642848495042706 -11.27641921355718 -0.6158825048944261
1651700873.1130197 26.739143654125705 -11.312980033918535 -0.6147102661041061
1651700873.2130198 26.83545479314449 -11.349537746223115 -0.6135343161413832
1651700873.3130198 26.931765932163263 -11.386095458527693 -0.6123583661786606
1651700873.41302 27.028077071182043 -11.422653170832275 -0.6111824162159378
1651700873.5130198 27.117197565532635 -11.455744631481666 -0.612388916091167
1651700873.6130197 27.20627215928798 -11.48881396574023 -0.6136106240417125
1651700873.7130198 27.295346753043333 -11.521883299998796 -0.6148323319922581
1651700873.8130198 27.38442134679869 -11.554952634257363 -0.6160540399428036
1651700873.91302 27.464301163490223 -11.585690586855408 -0.6169883534889606
1651700874.0130198 27.544118412660584 -11.616412675145881 -0.6179207114079874
1651700874.1130197 27.623935661830938 -11.64713476343635 -0.6188530693270142
1651700874.2130198 27.7037529110013 -11.677856851726823 -0.619785427246041
1651700874.3130198 27.783382864074344 -11.708828660794312 -0.6194316452354011
1651700874.41302 27.863011553791708 -11.739802154286433 -0.6190691879122565
1651700874.5130198 27.942640243509082 -11.770775647778557 -0.618706730589112
1651700874.6130197 28.022268933226453 -11.80174914127068 -0.6183442732659674
1651700874.7130198 28.10111156577187 -11.832021690557223 -0.6179663022807386
1651700874.8130198 28.179949070132704 -11.862289666930504 -0.6175882300854126
1651700874.91302 28.258786574493534 -11.892557643303782 -0.6172101578900868
1651700875.0130198 28.337624078854372 -11.922825619677061 -0.6168320856947609
1651700875.1130197 28.41777398213237 -11.954669637606331 -0.6168132294331777
1651700875.2130198 28.49793241698246 -11.986523900981537 -0.6167967083431615
1651700875.3130198 28.578090851832556 -12.018378164356745 -0.6167801872531453
1651700875.41302 28.65824928668265 -12.050232427731954 -0.616763666163129
1651700875.5130198 28.74662666125107 -12.089908976684121 -0.6167269932071858
1651700875.6130197 28.835055051872605 -12.12963407960434 -0.6166901951659277
1651700875.7130198 28.923483442494135 -12.169359182524556 -0.6166533971246696
1651700875.8130198 29.011911833115672 -12.209084285444773 -0.6166165990834116
1651700875.91302 29.10023269948017 -12.25446335661694 -0.616268878233394
1651700876.0130198 29.188553028461175 -12.299870685126042 -0.6159196034569698
1651700876.1130197 29.276873357442188 -12.345278013635145 -0.6155703286805456
1651700876.2130198 29.3651936864232 -12.39068534214425 -0.6152210539041215
1651700876.3130198 29.454840979468873 -12.437164906945375 -0.6145178160338257
1651700876.41302 29.544496047426108 -12.483650754164062 -0.6138125042326489
1651700876.5130198 29.634151115383336 -12.530136601382747 -0.6131071924314722
1651700876.6130197 29.72380618334057 -12.576622448601434 -0.6124018806302954
1651700876.7130198 29.813816343971443 -12.621360698753433 -0.6124043503637241
1651700876.8130198 29.90382834924046 -12.666089870474757 -0.6124104968861084
1651700876.91302 29.993840354509484 -12.710819042196082 -0.6124166434084928
1651700877.0130198 30.083852359778504 -12.75554821391741 -0.6124227899308771
1651700877.1130197 30.174490610575337 -12.79944398272548 -0.613271520751548
1651700877.2130198 30.265131959848986 -12.843335628103537 -0.6141244204289958
1651700877.3130198 30.355773309122625 -12.887227273481592 -0.6149773201064437
1651700877.41302 30.446414658396275 -12.931118918859651 -0.6158302197838915
1651700877.5130198 30.53521334215067 -12.974484223946778 -0.6159460814832972
1651700877.6130197 30.62400261429063 -13.017846840693657 -0.6160581786811186
1651700877.7130198 30.7127918864306 -13.061209457440539 -0.6161702758789398
1651700877.8130198 30.801581158570567 -13.10457207418742 -0.6162823730767611
1651700877.91302 30.89081118625476 -13.147361482994485 -0.6162678921725826
1651700878.0130198 30.980043069944607 -13.190148478043648 -0.6162528782525949
1651700878.1130197 31.069274953634448 -13.232935473092807 -0.6162378643326072
1651700878.2130198 31.158506837324296 -13.275722468141971 -0.6162228504126195
1651700878.3130198 31.248651454991517 -13.316398449583003 -0.6162568316580566
1651700878.41302 31.33879965156902 -13.357066153553813 -0.6162910050178511
1651700878.5130198 31.428947848146528 -13.397733857524624 -0.6163251783776456
1651700878.6130197 31.519096044724037 -13.438401561495436 -0.61635935173744
1651700878.7130198 31.611645546575534 -13.47801706939792 -0.6159986414419611
1651700878.8130198 31.704204997435646 -13.517628217876442 -0.6156362950775784
1651700878.91302 31.796764448295747 -13.557239366354963 -0.6152739487131956
1651700879.0130198 31.88932389915586 -13.596850514833486 -0.6149116023488128
1651700879.1130197 31.98257583068834 -13.636519522978777 -0.6139534108285983
1651700879.2130198 32.075830450543144 -13.676188755744679 -0.6129929061408099
1651700879.3130198 32.169085070397955 -13.715857988510585 -0.6120324014530215
1651700879.41302 32.2623246336114 -13.755521280280155 -0.6110746051968164
1651700879.5130198 32.3533466249185 -13.794309570364307 -0.6105157120987056
1651700879.6130197 32.444368616225596 -13.833097860448458 -0.6099568190005946
1651700879.7130198 32.53539060753269 -13.871886150532607 -0.6093979259024838
1651700879.8130198 32.62641415163132 -13.91067332996851 -0.6088432614365512
1651700879.91302 32.71767338903194 -13.949291927629725 -0.6089304476355053
1651700880.0130198 32.80893262643254 -13.987910525290935 -0.6090176338344593
1651700880.1130197 32.90019186383315 -14.02652912295215 -0.6091048200334134
1651700880.2130198 32.99145785728506 -14.065154353849309 -0.6091848227629271
1651700880.3130198 33.08372883893817 -14.10476630369777 -0.608196257226241
1651700880.41302 33.17599982059128 -14.144378253546233 -0.6072076916895551
1651700880.5130198 33.26827080224439 -14.183990203394691 -0.6062191261528692
1651700880.6130197 33.360544190537 -14.22360293230243 -0.6052342471492054
1651700880.7130198 33.45317966188814 -14.263332872020527 -0.6048040133884754
1651700880.8130198 33.54581513323927 -14.303062811738622 -0.6043737796277455
1651700880.91302 33.63845060459042 -14.34279275145672 -0.6039435458670155
1651700881.0130198 33.731084533073975 -14.382512490593868 -0.6035152239254489
1651700881.1130197 33.8234926236916 -14.42073911557247 -0.6033667452864707
1651700881.2130198 33.915900714309224 -14.458965740551072 -0.6032182666474927
1651700881.3130198 34.008308804926834 -14.497192365529672 -0.6030697880085146
1651700881.41302 34.10071623898545 -14.53541840587172 -0.6029186204111879
1651700881.5130198 34.19302217022906 -14.57355406247834 -0.6023517448008894
1651700881.6130197 34.28532810147266 -14.611689719084959 -0.6017848691905908
1651700881.7130198 34.37763403271626 -14.649825375691579 -0.6012179935802922
1651700881.8130198 34.469942867202484 -14.687963792326844 -0.600649254279517
1651700881.91302 34.56268647661907 -14.726515536892279 -0.5998014181192243
1651700882.0130198 34.65543008603566 -14.765067281457714 -0.5989535819589316
1651700882.1130197 34.74817369545223 -14.803619026023146 -0.598105745798639
1651700882.2130198 34.840910929794674 -14.842172676960912 -0.5972630751776727
1651700882.3130198 34.93270493345172 -14.88100838718783 -0.5971846772680757
1651700882.41302 35.02449893710875 -14.919844097414742 -0.5971062793584786
1651700882.5130198 35.116292940765796 -14.95867980764166 -0.5970278814488815
1651700882.6130197 35.20810212718886 -14.997525875275105 -0.5969394442360629
1651700882.7130198 35.302093244297055 -15.037860416292892 -0.5954082485875349
1651700882.8130198 35.396084361405244 -15.078194957310677 -0.5938770529390069
1651700882.91302 35.49007547851343 -15.11852949832846 -0.5923458572904791
1651700883.0130198 35.584041995223686 -15.158850342433459 -0.5908370248951397
1651700883.1130197 35.674499497691606 -15.197217451393035 -0.5925180991889483
1651700883.2130198 35.76495700015953 -15.235584560352608 -0.5941991734827567
1651700883.3130198 35.855414502627454 -15.273951669312185 -0.5958802477765653
1651700883.41302 35.945889769750536 -15.312322825868959 -0.5975487026921971
1651700883.5130198 36.03915516957237 -15.351329701677896 -0.597235146733757
1651700883.6130197 36.132420569394206 -15.390336577486831 -0.5969215907753168
1651700883.7130198 36.22568596921603 -15.429343453295767 -0.5966080348168766
1651700883.8130198 36.318940660304825 -15.468347853200203 -0.5962981909659505
1651700883.91302 36.410591665696785 -15.506981474169422 -0.5965442535610496
1651700884.0130198 36.50224267108874 -15.54561509513864 -0.5967903161561487
1651700884.1130197 36.5938936764807 -15.58424871610786 -0.5970363787512478
1651700884.2130198 36.685545663830986 -15.622884943802475 -0.5972857729671621
1651700884.3130198 36.77733816406117 -15.661894179680148 -0.5980119039459797
1651700884.41302 36.869130664291355 -15.700903415557821 -0.5987380349247973
1651700884.5130198 36.96092316452153 -15.73991265143549 -0.5994641659036148
1651700884.6130197 37.052718375811914 -15.77891842629312 -0.6001868630895678
1651700884.7130198 37.14493258686599 -15.817389293597353 -0.6003788607369303
1651700884.8130198 37.237146797920055 -15.855860160901583 -0.6005708583842926
1651700884.91302 37.32936100897413 -15.894331028205816 -0.600762856031655
1651700885.0130198 37.42157820153395 -15.932791691091653 -0.600956352665268
1651700885.1130197 37.51423165886348 -15.969759206344545 -0.6013691864218016
1651700885.2130198 37.60688511619302 -16.006726721597435 -0.601782020178335
1651700885.3130198 37.699538573522545 -16.043694236850325 -0.6021948539348686
1651700885.41302 37.792192558981085 -16.08066056697267 -0.6026068811595151
1651700885.5130198 37.88492364224245 -16.117453888302826 -0.6029011685213137
1651700885.6130197 37.97765472550381 -16.15424720963298 -0.6031954558831123
1651700885.7130198 38.070385808765174 -16.19104053096314 -0.6034897432449109
1651700885.8130198 38.163118347781555 -16.227837858653903 -0.6037798816435824
1651700885.91302 38.25606655212464 -16.265228715519203 -0.6034553647722963
1651700886.0130198 38.34901475646774 -16.302619572384504 -0.6031308479010102
1651700886.1130197 38.44196296081083 -16.3400104292498 -0.6028063310297241
1651700892.6134531 43.98988920089515 -18.674830911873347 -0.5763804489370201
1651700892.713453 44.07924876778213 -18.706130616424712 -0.5755154844081916
1651700892.8134532 44.16860833466911 -18.737430320976078 -0.574650519879363
1651700892.913453 44.25796790155609 -18.768730025527447 -0.5737855553505344
1651700893.0134532 44.347326259903014 -18.800029108460905 -0.5729206954111725
1651700893.1134531 44.43076411603178 -18.82828295498875 -0.5725682075393593
1651700893.213453 44.51420197216055 -18.856536801516594 -0.572215719667546
1651700893.3134532 44.59763982828932 -18.88479064804444 -0.5718632317957328
1651700893.413453 44.681077684418085 -18.913044494572283 -0.5715107439239195
1651700893.5134532 44.76292215768601 -18.94063032609206 -0.5721709588325159
1651700893.6134531 44.84474650471388 -18.968207719821564 -0.5728439653304767
1651700893.713453 44.92657085174176 -18.995785113551065 -0.5735169718284373
1651700893.8134532 45.008395198769634 -19.023362507280567 -0.574189978326398
1651700893.913453 45.089516656903236 -19.05024343504212 -0.5744214570056572
1651700894.0134532 45.170629163881195 -19.07711549344277 -0.5746473129125871
1651700894.1134531 45.25174167085916 -19.103987551843417 -0.574873168819517
1651700894.213453 45.33285411501807 -19.1308595663135 -0.5750990218955383
1651700894.3134532 45.41213688470121 -19.156452054294117 -0.5752424216164204
1651700894.413453 45.491419654384345 -19.182044542274735 -0.5753858213373023
1651700894.5134532 45.57070242406748 -19.20763703025535 -0.5755292210581843
1651700894.6134531 45.64998647403844 -19.233230655943025 -0.5756724946219511
1651700894.713453 45.73566200127204 -19.264503964466936 -0.575185964233711
1651700894.8134532 45.821337528505644 -19.29577727299085 -0.574699433845471
1651700894.913453 45.90701305573925 -19.327050581514765 -0.5742129034572307
1651700895.0134532 45.99268858297285 -19.35832389003868 -0.5737263730689907
1651700895.1134531 46.081888901191476 -19.401795221449387 -0.5733343503193532
1651700895.213453 46.171091922448745 -19.44527590709624 -0.5729424000443107
1651700895.3134532 46.26029494370602 -19.488756592743087 -0.5725504497692683
1651700895.413453 46.34949796496329 -19.532237278389935 -0.5721584994942258
1651700895.5134532 46.4283281281556 -19.578407794327205 -0.5714496406104849
1651700895.6134531 46.50713464932821 -19.624584440977948 -0.5707400594224838
1651700895.713453 46.58594117050082 -19.67076108762869 -0.5700304782344829
1651700895.8134532 46.664747691673426 -19.716937734279437 -0.5693208970464819
1651700895.913453 46.74654799898238 -19.76034802935001 -0.569549270148925
1651700896.0134532 46.82835506095342 -19.803752082902555 -0.5697797594894684
1651700896.1134531 46.91016212292446 -19.8471561364551 -0.5700102488300116
1651700896.213453 46.9919691848955 -19.890560190007648 -0.570240738170555
1651700896.3134532 47.08082340744633 -19.932186332039276 -0.5705510713795515
1651700896.413453 47.16969378991869 -19.973808397122415 -0.570861587679402
1651700896.5134532 47.25856417239105 -20.015430462205554 -0.5711721039792526
1651700896.6134531 47.34742916059242 -20.057014195204133 -0.5714764428575757
1651700896.713453 47.43575814051942 -20.094789014161492 -0.5711669547587472
1651700896.8134532 47.52408712044642 -20.132563833118848 -0.5708574666599189
1651700896.913453 47.612416100373416 -20.170338652076207 -0.5705479785610905
1651700897.0134532 47.70068318956588 -20.20807786004715 -0.5702424757288054
1651700897.1134531 47.78280132263214 -20.242279052275705 -0.5703329163169849
1651700897.213453 47.864919455698406 -20.276480244504263 -0.5704233569051645
1651700897.3134532 47.947037588764665 -20.31068143673282 -0.5705137974933441
1651700897.413453 48.029171226377194 -20.34488352128581 -0.5705998167896549
1651700897.5134532 48.11296101592389 -20.379180921419525 -0.5702135661493886
1651700897.6134531 48.196750805470586 -20.413478321553242 -0.5698273155091221
1651700897.713453 48.28054059501728 -20.447775721686963 -0.5694410648688557
1651700897.8134532 48.36433038456397 -20.48207312182068 -0.5690548142285894
1651700897.913453 48.455053944388844 -20.519749183632708 -0.5684629904604372
1651700898.0134532 48.54581178039746 -20.557441947415505 -0.5678701504684961
1651700898.1134531 48.63656961640607 -20.595134711198302 -0.5672773104765549
1651700898.213453 48.72732679665148 -20.63283158335406 -0.5666887950978259
1651700898.3134532 48.818000272758574 -20.6710528640412 -0.5666522899878775
1651700898.413453 48.90867374886567 -20.70927414472834 -0.5666157848779291
1651700898.5134532 48.999347224972766 -20.74749542541548 -0.5665792797679807
1651700898.6134531 49.09002353925906 -20.78571724051254 -0.566539627566775
1651700898.713453 49.181064428525765 -20.824007702609567 -0.5660957194491858
1651700898.8134532 49.27210531779248 -20.862298164706594 -0.5656518113315966
1651700898.913453 49.36314620705919 -20.900588626803625 -0.5652079032140074
1651700899.0134532 49.45417970455505 -20.938873308001405 -0.5647569809535675
1651700899.1134531 49.544275543097726 -20.976424672103366 -0.5634163025070289
1651700899.213453 49.6343713816404 -21.013976036205325 -0.5620756240604903
1651700899.3134532 49.72446722018308 -21.051527400307283 -0.5607349456139517
1651700899.413453 49.81456305872575 -21.089078764409244 -0.559394267167413
1651700899.5134532 49.89746962811846 -21.12354468446548 -0.5588432486021977
1651700899.6134531 49.980343105169 -21.157996402164287 -0.5582958648563839
1651700899.713453 50.06321658221954 -21.192448119863098 -0.5577484811105701
1651700899.8134532 50.14608939763171 -21.226898284528975 -0.5572018687264667
1651700899.913453 50.22888005528179 -21.261155604107007 -0.5567510388038251
1651700900.0134532 50.31167071293187 -21.29541292368504 -0.5563002088811836
1651700900.1134531 50.39446137058196 -21.32967024326307 -0.555849378958542
1651700900.213453 50.47725202823204 -21.363927562841102 -0.5553985490359005
1651700900.3134532 50.55543085922316 -21.396947608523927 -0.5547443235869609
1651700900.413453 50.63358954025726 -21.42996224831931 -0.5540892094638766
1651700900.5134532 50.711748221291366 -21.462976888114692 -0.5534340953407922
1651700900.6134531 50.78990690232547 -21.49599152791008 -0.5527789812177079
1651700900.713453 50.86331658526673 -21.527881000171107 -0.5525879287844198
1651700900.8134532 50.936702577176646 -21.559764859378852 -0.5523991913868139
1651700900.913453 51.010088569086555 -21.5916487185866 -0.5522104539892082
1651700901.0134532 51.08347456099647 -21.623532577794347 -0.5520217165916024
1651700901.1134531 51.15664657137976 -21.65637502119 -0.5518464679244062
1651700901.213453 51.22981760679021 -21.68922183222222 -0.5516712807164671
1651700901.3134532 51.30298864220067 -21.72206864325444 -0.5514960935085281
1651700901.413453 51.37615967761112 -21.754915454286657 -0.551320906300589
1651700901.5134532 51.45034887317286 -21.78812475777696 -0.550859394130131
1651700901.6134531 51.52454418070999 -21.82133623729525 -0.550396163162174
1651700901.713453 51.59873948824712 -21.854547716813542 -0.549932932194217
1651700901.8134532 51.672942638173424 -21.887758343465368 -0.549472643355453
1651700901.913453 51.74827306077422 -21.920846378260364 -0.5494352590380467
1651700902.0134532 51.82360348337502 -21.953934413055364 -0.5493978747206403
1651700902.1134531 51.89893390597582 -21.987022447850364 -0.549360490403234
1651700902.213453 51.97426432857661 -22.02011048264536 -0.5493231060858277
1651700902.3134532 52.06619052977256 -22.05943060463039 -0.5489306926387174
1651700902.413453 52.158189600347846 -22.098778090702186 -0.5485367203161271
1651700902.5134532 52.25018867092314 -22.138125576773984 -0.5481427479935368
1651700902.6134531 52.34217451349875 -22.177469758351794 -0.5477531405301937
1651700902.713453 52.432573749820584 -22.21641758893538 -0.547887067475092
1651700902.8134532 52.522972986142435 -22.25536541951897 -0.5480209944199902
1651700902.913453 52.613372222464285 -22.29431325010256 -0.5481549213648884
1651700903.0134532 52.703784283599745 -22.33326571611589 -0.5482865164478157
1651700903.1134531 52.795662274239916 -22.372748031015842 -0.5481515700149174
1651700903.213453 52.887540264880094 -22.412230345915802 -0.5480166235820191
1651700909.8138208 58.79329272850356 -25.031982076833934 -0.5226286613513432
1651700909.9138207 58.883083653360735 -25.07416798583185 -0.5227872053933333
1651700910.013821 58.972874578217905 -25.116353894829764 -0.5229457494353233
1651700910.1138208 59.06266550307508 -25.15853980382768 -0.5231042934773135
1651700910.213821 59.152456971025536 -25.200726063539708 -0.523262635624743
1651700910.3138208 59.243443015673925 -25.243683746730976 -0.522976894691224
1651700910.4138207 59.334429060322314 -25.286641429922245 -0.522691153757705
1651700910.513821 59.4254151049707 -25.329599113113513 -0.5224054128241862
1651700910.6138208 59.51640763903158 -25.37255927880041 -0.522118095590523
1651700910.713821 59.60840095807674 -25.415902290292852 -0.5215876843143168
1651700910.8138208 59.70039427712191 -25.459245301785295 -0.5210572730381104
1651700910.9138207 59.792387596167075 -25.502588313277737 -0.5205268617619042
1651700911.013821 59.88436313083329 -25.54592746363166 -0.5200032931524313
1651700911.1138208 59.97354776354126 -25.588660685654816 -0.5205535439913714
1651700911.213821 60.06273239624923 -25.631393907677968 -0.5211037948303114
1651700911.3138208 60.1519170289572 -25.67412712970112 -0.5216540456692514
1651700911.4138207 60.24110283093026 -25.716858467968837 -0.5222030451786828
1651700911.513821 60.33047299186789 -25.75929279300451 -0.5225547465599342
1651700911.6138208 60.41984315280553 -25.80172711804018 -0.5229064479411856
1651700911.713821 60.50921331374316 -25.84416144307585 -0.5232581493224371
1651700911.8138208 60.59859197827834 -25.88659727974346 -0.5236040211006906
1651700911.9138207 60.68931571315283 -25.929272221245377 -0.5230277859666984
1651700912.013821 60.78003944802732 -25.971947162747295 -0.5224515508327061
1651700912.1138208 60.8707631829018 -26.014622104249213 -0.5218753156987139
1651700912.213821 60.96148017935427 -26.05728956312716 -0.5213012985494883
1651700912.3138208 61.05111251052009 -26.098752564574188 -0.5210843043168217
1651700912.4138207 61.140744841685915 -26.14021556602122 -0.5208673100841552
1651700912.513821 61.230377172851746 -26.18167856746825 -0.5206503158514887
1651700912.6138208 61.32001517596163 -26.223136766689912 -0.5204345849720677
1651700912.713821 61.410504428734725 -26.263874244288964 -0.5204084591052571
1651700912.8138208 61.50099368150782 -26.304611721888016 -0.5203823332384464
1651700912.9138207 61.59148293428092 -26.34534919948707 -0.5203562073716357
1651700913.013821 61.68198532218718 -26.386089008940427 -0.5203271106559632
1651700913.1138208 61.77451519802913 -26.427188754331066 -0.5198394452948115
1651700913.213821 61.867045073871076 -26.468288499721705 -0.51935177993366
1651700913.3138208 61.95957494971302 -26.509388245112348 -0.5188641145725084
1651700913.4138207 62.05210199434124 -26.55048833700038 -0.5183719074833697
1651700913.513821 62.14417291636601 -26.59164425134061 -0.5171480054417739
1651700913.6138208 62.23624383839078 -26.632800165680845 -0.5159241034001779
1651700913.713821 62.328314760415545 -26.673956080021075 -0.5147002013585821
1651700913.8138208 62.4203808128595 -26.715106287573406 -0.5134826080835202
1651700913.9138207 62.51172332895281 -26.755408564134644 -0.5132023895197251
1651700914.013821 62.603065845046125 -26.79571084069588 -0.5129221709559298
1651700914.1138208 62.69440836113944 -26.836013117257117 -0.5126419523921346
1651700914.213821 62.785737998402155 -26.87631152972536 -0.5123620744754273
1651700914.3138208 62.875123775717725 -26.916026717222177 -0.5121336119589924
1651700914.4138207 62.964509553033295 -26.955741904718995 -0.5119051494425576
1651700914.513821 63.05389533034886 -26.995457092215812 -0.5116766869261228
1651700914.6138208 63.14329424770699 -27.035182563885602 -0.5114487836232623
1651700914.713821 63.23466881446727 -27.076454295401295 -0.511304959953993
1651700914.8138208 63.32604338122755 -27.117726026916987 -0.5111611362847237
1651700914.9138207 63.41741794798783 -27.15899775843268 -0.5110173126154545
1651700915.013821 63.5087970929258 -27.200271038902486 -0.5108693298208069
1651700915.1138208 63.600855063096525 -27.24177398916816 -0.5101046564035551
1651700915.213821 63.692913033267246 -27.283276939433833 -0.5093399829863033
1651700915.3138208 63.784971003437974 -27.324779889699506 -0.5085753095690516
1651700915.4138207 63.87704189633881 -27.366290583037372 -0.5078080730640371
1651700915.513821 63.971492462017885 -27.409227134374934 -0.5065688534623564
1651700915.6138208 64.06594302769696 -27.452163685712495 -0.5053296338606756
1651700915.713821 64.16039359337604 -27.495100237050057 -0.504090414258995
1651700915.8138208 64.25482269909641 -27.53802808230689 -0.5028583804887383
1651700915.9138207 64.34483929479096 -27.579165818411035 -0.5031038683504174
1651700916.013821 64.43485589048551 -27.62030355451518 -0.5033493562120966
1651700916.1138208 64.52487248618006 -27.661441290619322 -0.5035948440737757
1651700916.213821 64.61489020404633 -27.702573438033006 -0.5038462389091338
1651700916.3138208 64.70513367380586 -27.742581285639982 -0.5052859638935193
1651700916.4138207 64.7953771435654 -27.782589133246958 -0.5067256888779048
1651700916.513821 64.88562061332495 -27.822596980853938 -0.5081654138622903
1651700916.6138208 64.97585506774783 -27.862599301572015 -0.5096061308835087
1651700916.713821 65.064062512166 -27.901358955541703 -0.5112698976544438
1651700916.8138208 65.15226995658418 -27.940118609511394 -0.5129336644253789
1651700916.9138207 65.24047740100235 -27.978878263481082 -0.5145974311963141
1651700917.013821 65.32870453346058 -28.017647978125567 -0.5162524173426649
1651700917.1138208 65.42078377200811 -28.058386135873082 -0.5161894113807713
1651700917.213821 65.51286301055563 -28.099124293620598 -0.5161264054188777
1651700917.3138208 65.60494224910316 -28.139862451368113 -0.5160633994569841
1651700917.4138207 65.69702037284605 -28.180593558288198 -0.5159972256437814
1651700917.513821 65.78886469230459 -28.21984591852129 -0.5152666688664949
1651700917.6138208 65.88070901176312 -28.259098278754383 -0.5145361120892084
1651700917.713821 65.97255333122165 -28.29835063898748 -0.5138055553119218
1651700917.8138208 66.06440243345713 -28.33760199444967 -0.5130717684242702
1651700917.9138207 66.15725329684601 -28.37664289885725 -0.5116614291663891
1651700918.013821 66.25010416023488 -28.415683803264827 -0.5102510899085082
1651700918.1138208 66.34295502362376 -28.45472470767241 -0.5088407506506272
1651700918.213821 66.43580968194821 -28.493767214788313 -0.5074298127623538
1651700918.3138208 66.5294292652001 -28.533132771275298 -0.5058982121381056
1651700918.4138207 66.62304884845197 -28.572498327762286 -0.5043666115138574
1651700918.513821 66.71666843170385 -28.61186388424927 -0.5028350108896092
1651700918.6138208 66.81028801495573 -28.65122944073626 -0.5013034102653611
1651700918.713821 66.90268148228823 -28.69084551098933 -0.500259417751627
1651700918.8138208 66.9950654020576 -28.730463531951923 -0.4992192221620967
1651700918.9138207 67.087449321827 -28.770081552914515 -0.4981790265725664
1651700919.013821 67.17983069875045 -28.809701370857056 -0.4971439043754543
1651700919.1138208 67.2716794183563 -28.849697607405325 -0.4971715204146107
1651700919.213821 67.36352813796215 -28.889693843953598 -0.4971991364537672
1651700919.3138208 67.455376857568 -28.929690080501867 -0.4972267524929236
1651700919.4138207 67.54722647877851 -28.969686296179212 -0.4972526912477145
1651700919.513821 67.63924943373699 -29.009678499415532 -0.4969561716192115
1651700919.6138208 67.73127238869546 -29.049670702651852 -0.4966596519907085
1651700919.713821 67.82329534365392 -29.089662905888172 -0.49636313236220553
1651700919.8138208 67.91531373370674 -29.129651509076535 -0.496068842304589
1651700919.9138207 68.00635631989257 -29.168870558417925 -0.49625115002368586
1651700920.013821 68.09739890607841 -29.208089607759316 -0.49643345774278275
1651700920.1138208 68.18844149226426 -29.24730865710071 -0.49661576546187963
1651700920.213821 68.279484607635 -29.286525845303327 -0.4967967073678862
1651700920.3138208 68.37063655341484 -29.32536027788217 -0.4966967606863736
1651700920.4138207 68.4617884991947 -29.364194710461007 -0.4965968140048609
1651700920.513821 68.55294044497454 -29.403029143039845 -0.49649686732334825
1651700920.6138208 68.64409239075438 -29.441863575618687 -0.49639692064183555
1651700920.713821 68.73703702667625 -29.481155847341284 -0.49579904272266573
1651700920.8138208 68.82999284805261 -29.520450975742122 -0.49519805797143746
1651700920.9138207 68.92294866942898 -29.559746104142956 -0.49459707322020924
1651700921.013821 69.01590136903333 -29.599041271370094 -0.49399728667025966
1651700921.1138208 69.10832768293278 -29.638342985395305 -0.4935995379438428
1651700921.213821 69.20075399683225 -29.67764469942051 -0.4932017892174259
1651700921.3138208 69.2931803107317 -29.716946413445722 -0.49280404049100907
1651700921.4138207 69.38560662463117 -29.75624812747093 -0.49240629176459216
1651700921.513821 69.47841082644247 -29.796203817350186 -0.49181009797675634
1651700921.6138208 69.57121721447311 -29.83616329071817 -0.49121275611189424
1651700921.713821 69.66402360250376 -29.876122764086155 -0.4906154142470321
1651700921.8138208 69.75681131593251 -29.916073242545867 -0.49002124894330146
1651700921.9138207 69.84736692932324 -29.95494859580481 -0.4898067652126604
1651700922.013821 69.93792254271398 -29.993823949063756 -0.48959228148201944
1651700922.1138208 70.02847815610471 -30.032699302322698 -0.4893777977513784
1651700922.213821 70.11904646263143 -30.07157640061754 -0.48915946942823324
1651700922.3138208 70.21095585904352 -30.11063787021318 -0.4885349417131906
1651700922.4138207 70.30286525545561 -30.149699339808812 -0.487910413998148
1651700922.513821 70.3947746518677 -30.188760809404446 -0.4872858862831054
1651700922.6138208 70.4866840482798 -30.22782227900008 -0.48666135856806275
1651700922.713821 70.57950019276797 -30.267106673754228 -0.48599825339225616
1651700922.8138208 70.67231804357112 -30.306391488008067 -0.4853350756215352
1651700922.9138207 70.76513589437427 -30.345676302261907 -0.48467189785081427
1651700923.013821 70.8579433603068 -30.384953438720245 -0.4840068579499687
1651700923.1138208 70.94986511778315 -30.42357574868662 -0.48318300004768117
1651700923.213821 71.04178687525949 -30.462198058652994 -0.4823591421453936
1651700923.3138208 71.13370863273583 -30.500820368619372 -0.481535284243106
1651700923.4138207 71.2256302762194 -30.53944264805539 -0.48071170812483055
1651700923.513821 71.31727144663053 -30.577989809198836 -0.4805814463679372
1651700923.6138208 71.40891261704165 -30.61653697034228 -0.48045118461104386
1651700923.713821 71.50055378745279 -30.655084131485722 -0.48032092285415057
1651700923.8138208 71.59219594115014 -30.693631724885645 -0.4801901582245084
1651700923.9138207 71.68610315630313 -30.733175048170814 -0.4789009946981355
1651700924.013821 71.78001037145613 -30.772718371455984 -0.47761183117176265
1651700924.1138208 71.87391758660912 -30.812261694741153 -0.4763226676453897
1651700924.213821 71.96778834952426 -30.851782054447455 -0.47504420774392464
1651700924.3138208 72.0587236763447 -30.8894531965958 -0.47462769236891766
1651700924.4138207 72.14965900316513 -30.927124338744143 -0.4742111769939107
1651700924.513821 72.24059432998556 -30.96479548089249 -0.47379466161890377
1651700924.6138208 72.331530967499 -31.00246690822731 -0.47337814599147093
1651700924.713821 72.42514536111648 -31.040720973761992 -0.4729611146560524
1651700924.8138208 72.51875975473395 -31.078975039296676 -0.47254408332063386
1651700924.9138207 72.61237414835142 -31.11722910483136 -0.4721270519852154
1651700925.013821 72.70598891201931 -31.15548332787309 -0.4717098441261165
1651700925.1138208 72.80036488758884 -31.19406155063932 -0.4709295183884612
1651700925.213821 72.89474086315839 -31.232639773405552 -0.4701491926508059
1651700925.3138208 72.98911683872792 -31.27121799617178 -0.46936886691315066
1651700925.4138207 73.08349182277082 -31.309796111198917 -0.4685888757402294
1651700925.513821 73.17546943376205 -31.34811372812218 -0.468617815419135
1651700925.6138208 73.26744704475325 -31.386431345045445 -0.4686467550980406
1651700925.713821 73.35942465574448 -31.42474896196871 -0.4686756947769462
1651700925.8138208 73.45139900968478 -31.463065141558403 -0.4687048076026397
1651700925.9138207 73.53746274107115 -31.498772968848986 -0.46904813268289397
1651700926.013821 73.62352647245753 -31.53448079613957 -0.46939145776314817
1651700926.1138208 73.70959020384389 -31.57018862343015 -0.4697347828434024
1651700926.213821 73.7956607612747 -31.60589946536611 -0.4700772897241814
1651700926.3138208 73.8863304298639 -31.643641452768556 -0.46986852707062327
1651700926.4138207 73.97700009845312 -31.681383440171004 -0.46965976441706514
1651700926.513821 74.06766976704233 -31.71912542757345 -0.469451001763507
1651700926.6138208 74.15833600993159 -31.75686591944482 -0.4692418444760324
1651700926.713821 74.24722122409234 -31.79382888151393 -0.4688275161713927
1651700926.8138208 74.33610643825308 -31.83079184358304 -0.46841318786675296
1651700926.9138207 74.42499165241382 -31.867754805652147 -0.46799885956211323
1651700927.013821 74.5138772883815 -31.904716448729417 -0.4675867297866256
1651700927.1138208 74.6028999898327 -31.94124948751862 -0.467889008541827
1651700927.213821 74.6919226912839 -31.97778252630782 -0.4681912872970284
1651700927.3138208 74.78094539273512 -32.01431556509702 -0.4684935660522298
1651700927.4138207 74.86996795253167 -32.05084884961922 -0.4687947572531263
1651700927.513821 74.95894220790719 -32.087465929415295 -0.46872509101592463
1651700927.6138208 75.04791646328269 -32.124083009211375 -0.46865542477872296
1651700927.713821 75.1368907186582 -32.16070008900745 -0.46858575854152124
1651700927.8138208 75.22582871008291 -32.19730362529076 -0.46851718965859995
1651700927.9138207 75.3033062130476 -32.22962700818869 -0.46879541740949726
1651700928.013821 75.3807837160123 -32.261950391086636 -0.4690736451603946
1651700928.1138208 75.458261218977 -32.29427377398457 -0.46935187291129193
1651700928.213821 75.53574592814326 -32.32659700873005 -0.4696266199188921
1651700928.3138208 75.61584576323882 -32.35886647904037 -0.46863820741385664
1651700928.4138207 75.69594559833438 -32.391135949350705 -0.46764979490882114
1651700928.513821 75.77604543342994 -32.42340541966103 -0.46666138240378563
1651700928.6138208 75.8561452685255 -32.45567488997136 -0.4656729698987502
1651700928.713821 75.93624510362105 -32.48794436028169 -0.46468455739371467
1651700928.8138208 76.01634493871661 -32.52021383059202 -0.4636961448886792
1651700928.9138207 76.09644477381217 -32.552483300902345 -0.4627077323836437
1651700929.013821 76.17655171912664 -32.58476379136245 -0.4617203953389598
1651700929.1138208 76.25910647846645 -32.62083815617845 -0.46110330384737963
1651700929.213821 76.34166123780625 -32.65691252099445 -0.4604862123557994
1651700929.3138208 76.42421599714605 -32.692986885810456 -0.4598691208642192
1651700929.4138207 76.5067821365192 -32.729099779392506 -0.4592520947775005
1651700929.513821 76.59327057968791 -32.77849220570201 -0.4586576114838259
1651700929.6138208 76.67975902285663 -32.82788463201151 -0.4580631281901512
1651700929.713821 76.76624746602533 -32.877277058321006 -0.45746864489647654
1651700929.8138208 76.85273389819771 -32.92668661151177 -0.45687247380741147
1651700929.9138207 76.93855450842706 -32.981766713738615 -0.4557174895648781
1651700930.013821 77.02437511865642 -33.03684681596547 -0.45456250532234477
1651700930.1138208 77.11019572888578 -33.09192691819232 -0.4534075210798114
1651700930.213821 77.196014957256 -33.14699751815451 -0.45225437884111624
1651700930.3138208 77.28131322273282 -33.19848575062082 -0.45179567470856313
1651700930.4138207 77.36661148820964 -33.24997398308714 -0.45133697057601
1651700930.513821 77.45190975368646 -33.30146221555345 -0.4508782664434569
1651700930.6138208 77.53720797265022 -33.352948723088886 -0.45042072988952797
1651700930.713821 77.62249433659278 -33.403995588760225 -0.4502607800095704
1651700930.8138208 77.70778070053532 -33.455042454431556 -0.45010083012961283
1651700930.9138207 77.79306706447787 -33.50608932010289 -0.4499408802496553
1651700931.013821 77.87835230942663 -33.55713039287152 -0.44978145678800713
1651700931.1138208 77.9633476639361 -33.60667073603188 -0.44975840909231124
1651700931.213821 78.04834301844559 -33.65621107919224 -0.4497353613966153
1651700931.3138208 78.13333837295508 -33.7057514223526 -0.4497123137009194
1651700931.4138207 78.21833965981517 -33.7552888683301 -0.4496874874458987
1651700931.513821 78.30478976654369 -33.80411875395622 -0.44922829507571077
1651700931.6138208 78.39123987327223 -33.85294863958234 -0.44876910270552284
1651700931.713821 78.47768998000075 -33.90177852520846 -0.44830991033533485
1651700931.8138208 78.56415018247542 -33.95060266654519 -0.44784732928343784
1651700931.9138207 78.65317913381546 -33.997965238160525 -0.44652253634733485
1651700932.013821 78.7422080851555 -34.04532780977587 -0.44519774341123186
1651700932.1138208 78.83123703649554 -34.092690381391215 -0.44387295047512887
1651700932.213821 78.92026261854029 -34.140044945823355 -0.4425515871115456
1651700932.3138208 79.00851662752694 -34.18556585475924 -0.44201560037087007
1651700932.4138207 79.09677063651358 -34.231086763695124 -0.44147961363019456
1651700932.513821 79.18502464550023 -34.27660767263101 -0.44094362688951905
1651700932.6138208 79.27328040856389 -34.3221211848705 -0.4404088092674075
1651700932.713821 79.36191089550873 -34.36605453913582 -0.44012375071643317
1651700932.8138208 79.45054138245357 -34.409987893401144 -0.4398386921654588
1651700932.9138207 79.5391718693984 -34.45392124766647 -0.43955363361448446
1651700933.013821 79.627808690603 -34.4978416986277 -0.4392708117959915
1651700933.1138208 79.7176381942101 -34.53933257703312 -0.43940914597076436
1651700933.213821 79.80746769781717 -34.58082345543854 -0.43954748014553724
1651700933.3138208 79.89729720142425 -34.62231433384396 -0.43968581432031006
1651700933.4138207 79.98713971478662 -34.66380469310755 -0.4398192959324628
1651700933.513821 80.0791045736736 -34.70521036220479 -0.43916115507973214
1651700933.6138208 80.17106943256057 -34.746616031302025 -0.43850301422700144
1651700933.713821 80.26303429144754 -34.78802170039926 -0.4378448733742708
1651700933.8138208 80.35499921820583 -34.82941279388829 -0.4371854843017591
1651700933.9138207 80.44697475900324 -34.86852448429956 -0.43633089267110386
1651700934.013821 80.53895029980065 -34.90763617471084 -0.43547630104044865
1651700934.1138208 80.63092584059807 -34.94674786512211 -0.43462170940979344
1651700934.213821 80.72290539013996 -34.98585142271254 -0.43377021533188076
1651700934.3138208 80.8155188840804 -35.023668852875154 -0.43340856943984235
1651700934.4138207 80.90813237802085 -35.061486283037766 -0.43304692354780394
1651700934.513821 81.0007458719613 -35.09930371320038 -0.4326852776557656
1651700934.6138208 81.09335964773217 -35.13712151731482 -0.4323240426206244
1651700934.713821 81.18602055393272 -35.17500185729848 -0.4320315150797637
1651700934.8138208 81.27868146013327 -35.21288219728215 -0.431738987538903
1651700934.9138207 81.37134236633382 -35.250762537265814 -0.43144645999804226
1651700935.013821 81.46400644660443 -35.28864521712691 -0.4311537506984759
1651700935.1138208 81.55716581823552 -35.326893018444466 -0.4308326792281573
1651700935.213821 81.65032518986662 -35.365140819762026 -0.43051160775783875
1651700935.3138208 81.74348456149772 -35.40338862107958 -0.43019053628752024
1651700935.4138207 81.83663978989526 -35.44163462607681 -0.4298706622245536
1651700935.513821 81.92913445906636 -35.47959424220701 -0.42974169182742716
1651700935.6138208 82.02162912823746 -35.5175538583372 -0.42961272143030077
1651700935.713821 82.11412379740857 -35.5555134744674 -0.4294837510331743
1651700935.8138208 82.20661628933378 -35.593471688988544 -0.42935406627596506
1651700935.9138207 82.29876880672006 -35.63121104380455 -0.4291128349811363
1651700936.013821 82.39092132410634 -35.668950398620545 -0.4288716036863075
1651700936.1138208 82.48307384149263 -35.70668975343654 -0.4286303723914787
1651700936.213821 82.57522843117508 -35.74442622600397 -0.4283904880606945
1651700936.3138208 82.66770886828235 -35.78170949439543 -0.428362400080346
1651700936.4138207 82.76018930538962 -35.818992762786884 -0.42833431209999745
1651700936.513821 82.85266974249689 -35.85627603117834 -0.4283062241196489
1651700936.6138208 82.94514935972869 -35.893557822803366 -0.4282784805796982
1651700936.713821 83.03749790028228 -35.93060351803691 -0.42830580406535207
1651700936.8138208 83.12984644083588 -35.96764921327046 -0.42833312755100594
1651700936.9138207 83.22219498138948 -36.00469490850401 -0.4283604510366598
1651700937.013821 83.3145560980353 -36.04174415525855 -0.4283853869956122
1651700937.1138208 83.40874781260563 -36.07931036760618 -0.42806279040239875
1651700937.213821 83.50293952717597 -36.11687657995382 -0.4277401938091853
1651700937.3138208 83.59713124174631 -36.154442792301445 -0.4274175972159719
1651700937.4138207 83.69132042611815 -36.19199932540128 -0.4270970725826374
1651700937.513821 83.78519940355997 -36.22836916514766 -0.42703057399216143
1651700937.6138208 83.87907838100179 -36.26473900489404 -0.42696407540168546
1651700937.713821 83.9729573584436 -36.301108844640424 -0.4268975768112095
1651700937.8138208 84.06683633588541 -36.33747868438681 -0.4268310782207336
1651700937.9138207 84.15961775259977 -36.373106168660684 -0.4270903085908281
1651700938.013821 84.25239568581436 -36.40873129680515 -0.4273505727777556
1651700938.1138208 84.34517361902897 -36.44435642494962 -0.42761083696468316
1651700938.213821 84.43795155224356 -36.47998155309409 -0.4278711011516107
1651700938.3138208 84.52978356072403 -36.51558749339925 -0.42842151543075985
1651700938.4138207 84.6216131625981 -36.55119338488703 -0.4289726679050781
1651700938.513821 84.71344276447218 -36.586799276374805 -0.42952382037939635
1651700938.6138208 84.80527236634624 -36.62240516786258 -0.4300749728537146
1651700938.713821 84.89950999177493 -36.65933554191501 -0.42946366870391744
1651700938.8138208 84.99375257513576 -36.69626864297345 -0.42884997114685885
1651700938.9138207 85.08799515849658 -36.73320174403188 -0.42823627358980026
1651700939.013821 85.1822377418574 -36.77013484509031 -0.4276225760327416
1651700939.1138208 85.26250588325523 -36.80110559794735 -0.42714876994257794
1651700939.213821 85.34274577424874 -36.832064297461024 -0.42667524665372464
1651700939.3138208 85.42298566524224 -36.86302299697469 -0.4262017233648713
1651700939.4138207 85.50322555623575 -36.89398169648836 -0.42572820007601797
1651700939.513821 85.58346544722926 -36.924940396002036 -0.42525467678716466
1651700939.6138208 85.66370533822277 -36.955899095515704 -0.42478115349831136
1651700939.713821 85.74394522921628 -36.98685779502938 -0.424307630209458
1651700939.8138208 85.82418512020979 -37.01781649454305 -0.4238341069206047
1651700939.9138207 85.8851417678806 -37.03879473588188 -0.424052308153295
1651700940.013821 85.9460593960699 -37.05975278184711 -0.4242719090847662
1651700940.1138208 86.00697702425921 -37.08071082781234 -0.4244915100162374
1651700940.213821 86.06789465244853 -37.10166887377757 -0.42471111094770864
1651700940.3138208 86.15354666744915 -37.139503595186525 -0.4239315069182528
1651700940.4138207 86.23924857832876 -37.177372361367325 -0.423149887224928
1651700940.513821 86.32495048920836 -37.21524112754812 -0.42236826753160317
1651700940.6138208 86.41067877061309 -37.25317050495964 -0.42158754308905966
1651700940.713821 86.49925192387805 -37.29763866701656 -0.42090339896658163
1651700940.8138208 86.58782507714301 -37.34210682907347 -0.4202192548441036
1651700940.9138207 86.67639823040797 -37.386574991130395 -0.41953511072162564
1651700941.013821 86.76497138367293 -37.43104315318731 -0.4188509665991476
1651700941.1138208 86.85266384249856 -37.47584098910232 -0.41863163682747756
1651700941.213821 86.94035182471777 -37.520640500763264 -0.41841466972647084
1651700941.3138208 87.02803980693696 -37.5654400124242 -0.4181977026254642
1651700941.4138207 87.11572778915615 -37.61023952408514 -0.4179807355244575
1651700941.513821 87.2047027667675 -37.6578158478572 -0.41739631000756366
1651700941.6138208 87.29370009466952 -37.7054403944576 -0.4168055031139698
1651700941.713821 87.38269742257154 -37.753064941057985 -0.416214696220376
1651700941.8138208 87.47169475047356 -37.80068948765838 -0.4156238893267821
1651700941.9138207 87.56106986179566 -37.84716274269372 -0.41496342765335276
1651700942.013821 87.65044665952811 -37.89363085840874 -0.4143026550437222
1651700942.1138208 87.73982345726056 -37.94009897412376 -0.41364188243409167
1651700942.213821 87.82920025499301 -37.98656708983878 -0.4129811098244611
1651700942.3138208 87.9186935662497 -38.03127939405964 -0.4125855378645575
1651700942.4138207 88.00818878566834 -38.075962943055 -0.412194309141106
1651700942.513821 88.09768400508698 -38.12064649205037 -0.41180308041765457
1651700942.6138208 88.18717922450561 -38.16533004104574 -0.41141185169420313
1651700942.713821 88.27594057239327 -38.20779020499029 -0.4117460991328231
1651700942.8138208 88.36469919856064 -38.25024212303357 -0.4120830371556954
1651700942.9138207 88.45345782472802 -38.29269404107686 -0.41241997517856765
1651700943.013821 88.5422164508954 -38.33514595912014 -0.41275691320143987
1651700943.1138208 88.6328292017902 -38.37590514815171 -0.4126872878771911
1651700943.213821 88.72344831443111 -38.41665852920713 -0.4126162675805582
1651700943.3138208 88.81406742707202 -38.45741191026255 -0.4125452472839253
1651700943.4138207 88.90468653971293 -38.498165291317974 -0.4124742269872924
1651700943.513821 88.9968174734168 -38.53664635344968 -0.41237086541798706
1651700943.6138208 89.0889520441009 -38.57512194907531 -0.4122674260454465
1651700943.713821 89.18108661478502 -38.61359754470094 -0.41216398667290594
1651700943.8138208 89.27322118546913 -38.652073140326564 -0.4120605473003654
1651700943.9138207 89.36702036604377 -38.68951615742843 -0.4111782470010251
1651700944.013821 89.46082383195437 -38.72695651628232 -0.4102939416188422
1651700944.1138208 89.55462729786497 -38.764396875136214 -0.4094096362366593
1651700944.213821 89.64843076377555 -38.801837233990106 -0.40852533085447645
1651700944.3138208 89.73984156753187 -38.83743052127797 -0.40910245324183653
1651700944.4138207 89.83124601440568 -38.87301890122155 -0.4096834583857415
1651700951.813532 96.36760568055772 -41.648347535404696 -0.389099881590985
1651700951.913532 96.46244841020672 -41.67812946516999 -0.3891466301663884
1651700952.0135322 96.55729113985572 -41.70791139493528 -0.3891933787417918
1651700952.113532 96.65213386950472 -41.73769332470057 -0.38924012731719515
1651700952.2135322 96.74697659915373 -41.76747525446587 -0.3892868758925985
1651700952.313532 96.84252212966054 -41.79826953509769 -0.38847101167937625
1651700952.413532 96.93806783011506 -41.82906406053104 -0.387654938873529
1651700952.5135322 97.03361353056958 -41.85985858596438 -0.38683886606768164
1651700952.613532 97.12915923102412 -41.890653111397725 -0.38602279326183436
1651700952.7135322 97.21854750225799 -41.91878612967216 -0.3847032261087844
1651700952.813532 97.3079346164546 -41.94691864782506 -0.38338356434454257
1651700952.913532 97.39732173065123 -41.97505116597796 -0.38206390258030076
1651700953.0135322 97.48670884484784 -42.00318368413086 -0.38074424081605895
1651700953.113532 97.57497937224133 -42.03035615971703 -0.38060899314673635
1651700953.2135322 97.66324951295672 -42.05752830283694 -0.38047415564435244
1651700953.313532 97.75151965367212 -42.08470044595685 -0.38033931814196853
1651700953.413532 97.83978979438751 -42.11187258907676 -0.3802044806395847
1651700953.5135322 97.9193733148221 -42.13457530464737 -0.3805851379206256
1651700953.613532 97.99895605647143 -42.157277619518496 -0.3809658414175388
1651700953.7135322 98.07853879812076 -42.17997993438962 -0.381346544914452
1651700953.813532 98.158121759276 -42.20268230701284 -0.3817272214834719
1651700953.913532 98.24478661299958 -42.2272479284064 -0.38123912671272464
1651700954.0135322 98.33145146672314 -42.251813549799955 -0.3807510319419774
1651700954.113532 98.41811632044671 -42.27637917119351 -0.3802629371712302
1651700954.2135322 98.50478117417028 -42.30094479258707 -0.379774842400483
1651700954.313532 98.5923949971274 -42.33785909173427 -0.3789113258752791
1651700954.413532 98.68000884587795 -42.37477372652419 -0.37804779914594
1651700954.5135322 98.7676226946285 -42.411688361314106 -0.37718427241660085
1651700954.613532 98.85523654337905 -42.44860299610403 -0.3763207456872617
1651700954.7135322 98.94225951672115 -42.49556836337434 -0.3762577029741157
1651700954.813532 99.02928234097918 -42.54253626655002 -0.37619486223149434
1651700954.913532 99.11630516523721 -42.5895041697257 -0.376132021488873
1651700955.0135322 99.20332795649846 -42.6364722571674 -0.37606916758586006
1651700955.113532 99.28971592507939 -42.686985425179785 -0.37575312186757037
1651700955.2135322 99.37610389366033 -42.73749859319217 -0.37543707614928074
1651700955.313532 99.46249186224128 -42.78801176120456 -0.37512103043099104
1651700955.413532 99.54887983082222 -42.838524929216945 -0.37480498471270135
1651700955.5135322 99.63734916139019 -42.88602717632032 -0.37428583135987886
1651700955.613532 99.72581922465942 -42.93352836349009 -0.3737666065071355
1651700955.7135322 99.81428928792864 -42.98102955065986 -0.3732473816543921
1651700955.813532 99.90275935119786 -43.02853073782964 -0.37272815680164867
1651700955.913532 99.99042676014408 -43.07479530757353 -0.37286329316005756
1651700956.0135322 100.07809397959153 -43.12105958536426 -0.37299858400668395
1651700956.113532 100.16576119903898 -43.16732386315499 -0.3731338748533104
1651700956.2135322 100.25342841848644 -43.213588140945724 -0.3732691656999368
1651700956.313532 100.34206134435341 -43.26039383181285 -0.3724111669447185
1651700956.413532 100.43070683569489 -43.30720656738018 -0.3715402438111095
1651700956.5135322 100.51935232703637 -43.354019302947506 -0.37066932067750047
1651700956.613532 100.60799781837787 -43.400832038514835 -0.3697983975438915
1651700956.7135322 100.695693868558 -43.44560388946776 -0.36918795983703345
1651700956.813532 100.78338970636082 -43.490375283902026 -0.36857758039728905
1651700956.913532 100.87108554416363 -43.5351466783363 -0.36796720095754465
1651700957.0135322 100.95878138196646 -43.57991807277057 -0.36735682151780025
1651700957.113532 101.04878262642946 -43.627564328481576 -0.3665794901389828
1651700957.2135322 101.13878861423292 -43.67521649917757 -0.3658018152589948
1651700957.313532 101.22879460203637 -43.72286866987357 -0.3650241403790068
1651700957.413532 101.3188002843663 -43.77052111396626 -0.36424647778766633
1651700957.5135322 101.40708416349143 -43.81971456004064 -0.3635380802250788
1651700957.613532 101.49536804261655 -43.86890800611501 -0.36282968266249116
1651700957.7135322 101.58365192174168 -43.91810145218938 -0.3621212850999036
1651700957.813532 101.67193517340873 -43.96729513417163 -0.36141312337067927
1651700957.913532 101.75688772347337 -44.017741073074006 -0.36195682306974
1651700958.0135322 101.84184027353803 -44.068187011976384 -0.3625005227688006
1651700958.113532 101.92679282360268 -44.11863295087877 -0.3630442224678613
1651700958.2135322 102.01174539365043 -44.16907893316166 -0.36358790973694777
1651700958.313532 102.09742048826277 -44.2210934156843 -0.3636821689417521
1651700958.413532 102.18309558287511 -44.273107898206945 -0.3637764281465564
1651700958.5135322 102.26877067748747 -44.32512238072958 -0.36387068735136074
1651700958.613532 102.35444577209981 -44.377136863252225 -0.36396494655616507
1651700958.7135322 102.44061809599557 -44.429685782214065 -0.36356263566733793
1651700958.813532 102.52679659958683 -44.48224134329165 -0.36315415327560335
1651700958.913532 102.6129751031781 -44.53479690436923 -0.3627456708838687
1651700959.0135322 102.69915223655548 -44.587351428132024 -0.36233752015309073
1651700959.113532 102.78305736452054 -44.63818593952648 -0.36247930947266443
1651700959.2135322 102.86696249248561 -44.689020450920935 -0.3626210987922382
1651700959.313532 102.95086762045068 -44.7398549623154 -0.3627628881118119
1651700959.413532 103.03477274841573 -44.790689473709854 -0.36290467743138566
1651700959.5135322 103.12076684155282 -44.84052621187153 -0.3629257558534074
1651700959.613532 103.20676143584652 -44.890362710660774 -0.3629468053160838
1651700959.7135322 103.29275603014021 -44.94019920945002 -0.3629678547787602
1651700959.813532 103.37875072948995 -44.99003566512513 -0.362988858098317
1651700959.913532 103.46532510934045 -45.039634224646655 -0.3627552519345194
1651700960.0135322 103.55189948919096 -45.08923278416818 -0.3625216457707218
1651700960.113532 103.63847386904146 -45.13883134368971 -0.3622880396069243
1651700960.2135322 103.72504824889197 -45.188429903211244 -0.3620544334431267
1651700960.313532 103.81307352963526 -45.238656470672964 -0.36127785807301654
1651700960.413532 103.90109938622076 -45.288883287382234 -0.36050106720604275
1651700960.5135322 103.98912524280628 -45.3391101040915 -0.35972427633906895
1651700960.613532 104.07715109939178 -45.38933692080077 -0.35894748547209515
1651700960.7135322 104.16337367653377 -45.44004628243746 -0.35812253460819765
1651700960.813532 104.24959516183921 -45.49075593624193 -0.3572975545847352
1651700960.913532 104.33581664714464 -45.54146559004641 -0.35647257456127274
1651700961.0135322 104.42203813245008 -45.59217524385088 -0.35564759453781025
1651700961.113532 104.50748685995741 -45.641612533960654 -0.355668134097549
1651700961.2135322 104.59292520384435 -45.69103272719783 -0.3557000349847505
1651700961.313532 104.67836354773127 -45.74045292043501 -0.35573193587195207
1651700961.413532 104.7638018916182 -45.789873113672186 -0.3557638367591536
1651700961.5135322 104.85038121225261 -45.8411662061527 -0.3551455155175364
1651700961.613532 104.93696079028551 -45.89245972114965 -0.3545270475891473
1651700961.7135322 105.02354036831842 -45.943753236146605 -0.3539085796607582
1651700961.813532 105.11011994635133 -45.99504675114356 -0.3532901117323691
1651700961.913532 105.19584523314714 -46.04557567974598 -0.3525975462646395
1651700962.0135322 105.28157026934441 -46.09610438406395 -0.35190495906107233
1651700962.113532 105.36729530554169 -46.146633088381925 -0.3512123718575052
1651700962.2135322 105.4530194119622 -46.19716128884819 -0.3505197997015487
1651700962.313532 105.53521843867865 -46.245779227115776 -0.3498842778278815
1651700962.413532 105.6174174653951 -46.29439716538335 -0.34924875595421434
1651700962.5135322 105.69961649211156 -46.34301510365093 -0.3486132340805472
1651700962.613532 105.78181530462922 -46.39163284254488 -0.3479777449473135
1651700962.7135322 105.85933508679096 -46.435895396902914 -0.3480574488525972
1651700962.813532 105.9368548689527 -46.48015795126094 -0.34813715275788093
1651700962.913532 106.01437465111442 -46.52442050561898 -0.3482168566631647
1651700963.0135322 106.09189443327617 -46.568683059977005 -0.34829656056844843
1651700963.113532 106.1738030035986 -46.609829590879215 -0.34777955869458654
1651700963.2135322 106.25572051973572 -46.65096977028588 -0.3472613405352405
1651700963.313532 106.33763803587284 -46.692109949692544 -0.3467431223758945
1651700963.413532 106.41955555200998 -46.733250129099204 -0.34622490421654845
1651700963.5135322 106.50778771402851 -46.76947265559423 -0.3456337591581326
1651700963.613532 106.59603667111296 -46.805682102606035 -0.34504242013601716
1651700963.7135322 106.68428562819742 -46.84189154961784 -0.3444510811139017
1651700963.813532 106.77253458528186 -46.87810099662965 -0.34385974209178627
1651700963.913532 106.85815046267439 -46.90957056980827 -0.34295601743710397
1651700964.0135322 106.94375996530876 -46.94102866762232 -0.3420515364882363
1651700964.113532 107.02936946794314 -46.97248676543637 -0.34114705553936864
1651700964.2135322 107.11497897057751 -47.003944863250425 -0.34024257459050095
1651700964.313532 107.2018346862786 -47.034511660983824 -0.3404764653455473
1651700964.413532 107.28869349792075 -47.06507624447909 -0.34071318413358775
1651700964.5135322 107.37555230956288 -47.09564082797435 -0.3409499029216282
1651700964.613532 107.46241112120501 -47.126205411469606 -0.3411866217096686
1651700964.7135322 107.55586909629591 -47.15766003924114 -0.3410678427648856
1651700964.813532 107.64934397789574 -47.189116947232215 -0.3409481530644229
1651700964.913532 107.74281885949556 -47.22057385522329 -0.3408284633639601
1651700965.0135322 107.83629374109539 -47.25203076321437 -0.34070877366349733
1651700965.113532 107.92429977033665 -47.28035686621058 -0.3408458046342611
1651700965.2135322 108.01229104957359 -47.30867452513405 -0.3409835280045917
1651700965.313532 108.10028232881055 -47.336992184057515 -0.34112125137492233
1651700965.413532 108.18827360804751 -47.365309842980984 -0.3412589747452529
1651700965.5135322 108.27903657552673 -47.39672520074494 -0.34055821213475385
1651700965.613532 108.36980698794568 -47.42814887913487 -0.3398551972949083
1651700965.7135322 108.46057740036464 -47.45957255752481 -0.33915218245506273
1651700965.813532 108.55134781278359 -47.49099623591474 -0.3384491676152172
1651700965.913532 108.64259838024228 -47.52320746756106 -0.33832294678682084
1651700966.0135322 108.7338502010626 -47.55542075497886 -0.3381982315793821
1651700966.113532 108.82510202188291 -47.587634042396665 -0.33807351637194344
1651700966.2135322 108.91635384270323 -47.619847329814476 -0.3379488011645047
1651700966.313532 109.01197109958926 -47.65353812464718 -0.3372782771685911
1651700966.413532 109.10759969310197 -47.687232756427605 -0.3366063357586123
1651700966.5135322 109.20322828661467 -47.72092738820803 -0.33593439434863354
1651700966.613532 109.29885688012739 -47.75462201998846 -0.3352624529386548
1651700966.7135322 109.39393839028735 -47.789505479824875 -0.33449424324034005
1651700966.813532 109.48901824440536 -47.82439253828861 -0.3337257421342885
1651700966.913532 109.58409809852338 -47.85927959675235 -0.3329572410282369
1651700967.0135322 109.6791779526414 -47.89416665521609 -0.33218873992218534
1651700967.113532 109.77222984682038 -47.92775736767158 -0.3320496223833243
1651700967.2135322 109.86527661648552 -47.96134480435079 -0.3319120952530017
1651700967.313532 109.95832338615065 -47.99493224103 -0.331774568122679
1651700967.413532 110.05137015581579 -48.028519677709205 -0.3316370409923564
1651700967.5135322 110.13729008775633 -48.058874919173114 -0.33185873961493184
1651700967.613532 110.22319125234336 -48.0892216491832 -0.3320813841993696
1651700967.7135322 110.3090924169304 -48.119568379193296 -0.33230402878380744
1651700967.813532 110.39499358151743 -48.149915109203384 -0.3325266733682452
1651700967.913532 110.47172690879265 -48.176477078759774 -0.33283717012613506
1651700968.0135322 110.54843689822306 -48.203029413748155 -0.33314789052241633
1651700968.113532 110.62514688765349 -48.229581748736535 -0.3334586109186976
1651700968.2135322 110.7018568770839 -48.256134083724916 -0.3337693313149789
1651700968.313532 110.78090810983721 -48.283982327703946 -0.33396604819327963
1651700968.413532 110.85996594451709 -48.31183422593621 -0.3341624436001445
1651700968.5135322 110.93902377919694 -48.33968612416847 -0.33435883900700936
1651700968.613532 111.01808161387682 -48.36753802240073 -0.3345552344138742
1651700968.7135322 111.09714306440594 -48.39475940190448 -0.3340075425261807
1651700968.813532 111.17620452478789 -48.42197906330783 -0.3334578230751106
1651700968.913532 111.25526598516986 -48.449198724711174 -0.33290810362404055
1651700969.0135322 111.3343274455518 -48.476418386114524 -0.3323583841729705
1651700969.113532 111.41216242460769 -48.50414772684226 -0.3321705703577242
1651700969.2135322 111.48999433088052 -48.531878344502594 -0.33198366324809053
1651700969.313532 111.56782623715335 -48.55960896216293 -0.3317967561384569
1651700969.413532 111.64565814342619 -48.58733957982327 -0.3316098490288232
1651700969.5135322 111.72419719338656 -48.618715707581906 -0.3316138582064688
1651700969.613532 111.80273806820857 -48.650101242978145 -0.3316183600644788
1651700969.7135322 111.88127894303058 -48.681486778374385 -0.33162286192248874
1651700969.813532 111.95981981785259 -48.71287231377062 -0.3316273637804987
1651700969.913532 112.03708907763755 -48.746711280728135 -0.3314944438038905
1651700970.0135322 112.11435479252809 -48.780557087142256 -0.3313611407350092
1651700970.113532 112.19162050741862 -48.81440289355638 -0.3312278376661279
1651700970.2135322 112.26888622230916 -48.84824869997049 -0.33109453459724664
1651700970.313532 112.34559819145842 -48.883555168031485 -0.331027183951193
1651700970.413532 112.42230855531729 -48.918865870501776 -0.33096002449900896
1651700970.5135322 112.49901891917615 -48.95417657297207 -0.3308928650468249
1651700970.613532 112.57572928303502 -48.98948727544236 -0.33082570559464086
1651700970.7135322 112.65176124604363 -49.02660596825146 -0.3303242399045593
1651700970.813532 112.7277914238961 -49.06372941863873 -0.329821631373262
1651700970.913532 112.80382160174857 -49.100852869026 -0.3293190228419646
1651700971.0135322 112.87984822244914 -49.1379839548696 -0.3288174336065084
1651700971.113532 112.95465426373426 -49.17773502464762 -0.3286655993318127
1651700971.2135322 113.02946030501938 -49.217486094425645 -0.32851376505711705
1651700971.313532 113.1042663463045 -49.257237164203666 -0.3283619307824213
1651700971.413532 113.17907238758963 -49.296988233981686 -0.32821009650772565
1651700971.5135322 113.23367745054477 -49.32921269878379 -0.32753137253994746
1651700971.613532 113.28810294052307 -49.361370257179736 -0.3268479648806615
1651700971.7135322 113.34252843050139 -49.39352781557567 -0.3261645572213755
1651700971.813532 113.39673991834553 -49.425571913273885 -0.3254852912960628
1651700971.913532 113.39738529987957 -49.42921607084937 -0.3258427279399904
1651700972.0135322 113.39803068141363 -49.43286022842486 -0.32620016458391804
1651700972.113532 113.39867606294769 -49.436504386000344 -0.32655760122784566
1651700972.2135322 113.39932144448174 -49.44014854357583 -0.32691503787177334
1651700972.313532 113.39928544478522 -49.44075748131082 -0.32683801768837856
1651700972.413532 113.39924382796568 -49.44134139751236 -0.3267574159601179
1651700972.5135322 113.39920221114613 -49.441925313713895 -0.3266768142318573
1651700972.613532 113.3991605943266 -49.44250922991544 -0.32659621250359666
1651700972.7135322 113.40129037390209 -49.44342322358897 -0.326782875004991
1651700972.813532 113.40343780866831 -49.44433990105656 -0.3269717105784987
1651700972.913532 113.40558524343454 -49.44525657852415 -0.32716054615200646
1651700973.0135322 113.40773267820077 -49.44617325599174 -0.3273493817255142
1651700973.113532 113.41170616762591 -49.44849637745427 -0.3272423056478313
1651700973.2135322 113.41569347129808 -49.45083013877618 -0.3271329909752433
1651700973.313532 113.41968077497027 -49.453163900098104 -0.3270236763026553
1651700973.413532 113.42366807864246 -49.455497661420026 -0.3269143616300672
1651700973.5135322 113.44575519596319 -49.466165193501105 -0.3274863367889034
1651700973.613532 113.46798035260615 -49.476896283588324 -0.3280635078457964
1651700973.7135322 113.4902055092491 -49.487627373675544 -0.32864067890268944
1651700973.813532 113.51243066589204 -49.49835846376276 -0.3292178499595825
1651700973.913532 113.59061780616264 -49.54353902282186 -0.3285237703932368
1651700974.0135322 113.66922475466909 -49.58897801036861 -0.3278201543264517
1651700974.113532 113.74783170317554 -49.634416997915366 -0.32711653825966647
1651700974.2135322 113.82643865168197 -49.67985598546212 -0.3264129221928813
1651700974.313532 113.89871532578958 -49.73157021190193 -0.32625234775223355
1651700974.413532 113.97094275920749 -49.783333250932124 -0.3260959974166606
1651700974.5135322 114.04317019262538 -49.835096289962316 -0.32593964708108764
1651700974.613532 114.11539762604329 -49.8868593289925 -0.32578329674551465
1651700974.7135322 114.19523839031089 -49.93573102617737 -0.32605829473315723
1651700974.813532 114.27514181349353 -49.98457892716231 -0.32633684278560976
1651700974.913532 114.35504523667618 -50.03342682814725 -0.32661539083806235
1651700975.0135322 114.43494865985882 -50.08227472913219 -0.3268939388905149
1651700975.113532 114.52215336186285 -50.13080275622718 -0.326746862969266
1651700975.2135322 114.60941649863517 -50.17932822325606 -0.32659638062581503
1651700975.313532 114.69667963540749 -50.227853690284924 -0.326445898282364
1651700975.413532 114.7839379010987 -50.27637870645622 -0.3262947751256614
1651700975.5135322 114.87015992519856 -50.324807810168565 -0.32600732959468437
1651700975.613532 114.95638194929843 -50.373236913880916 -0.32571988406370733
1651700975.7135322 115.04260397339831 -50.42166601759326 -0.3254324385327303
1651700975.813532 115.12882599749818 -50.470095121305604 -0.32514499300175326
1651700975.913532 115.21634330214228 -50.51755427120924 -0.3248481746895517
1651700976.0135322 115.30387034235974 -50.565006130756736 -0.3245512859297549
1651700976.113532 115.39139738257721 -50.61245799030422 -0.3242543971699581
1651700976.2135322 115.47892442279469 -50.65990984985171 -0.3239575084101613
1651700976.313532 115.56484531579383 -50.706483258809264 -0.32402718938356523
1651700976.413532 115.65075425562448 -50.75305013021671 -0.32409959841934116
1651700976.5135322 115.73666319545512 -50.79961700162415 -0.32417200745511715
1651700976.613532 115.82257213528577 -50.84618387303159 -0.32424441649089314
1651700976.7135322 115.90592550808637 -50.89091682882906 -0.32364354916297466
1651700976.813532 115.98925987189996 -50.93563614347465 -0.3230376738264614
1651700976.913532 116.07259423571355 -50.980355458120236 -0.3224317984899482
1651700977.0135322 116.15592859952714 -51.02507477276583 -0.3218259231534349
1651700977.113532 116.24097986968893 -51.06862804990996 -0.320756808056226
1651700977.2135322 116.32604168005291 -51.11217416867237 -0.31968484909933476
1651700977.313532 116.41110349041689 -51.155720287434775 -0.31861289014244354
1651700977.413532 116.49616530078087 -51.19926640619718 -0.3175409311855523
1651700977.5135322 116.58393114992916 -51.239164819851666 -0.3172689153581097
1651700977.613532 116.6717098544838 -51.27904589176842 -0.31700070258040336
1651700977.7135322 116.75948855903842 -51.31892696368518 -0.316732489802697
1651700977.813532 116.84726726359305 -51.35880803560193 -0.3164642770249907
1651700977.913532 116.93976715289887 -51.396462386853436 -0.3164550559325688
1651700978.0135322 117.03228348829569 -51.4341089813971 -0.31644673702912157
1651700978.113532 117.12479982369253 -51.471755575940776 -0.31643841812567436
1651700978.2135322 117.21731615908935 -51.50940217048444 -0.31643009922222715
1651700978.313532 117.3090701164316 -51.54512123442169 -0.31609530361715643
1651700978.413532 117.40082185452421 -51.58083468740048 -0.31575955765248753
1651700978.5135322 117.49257359261681 -51.61654814037927 -0.3154238116878187
1651700978.613532 117.58432533070942 -51.65226159335806 -0.3150880657231498
1651700978.7135322 117.67161618650753 -51.685455184199114 -0.3147081055723242
1651700978.813532 117.75889425583584 -51.71864155222212 -0.3143280186879695
1651700978.913532 117.84617232516415 -51.75182792024512 -0.3139479318036148
1651700979.0135322 117.93345039449245 -51.78501428826812 -0.3135678449192601
1651700979.113532 118.0214754627682 -51.818785692723424 -0.31313690705839
1651700979.2135322 118.10950253144513 -51.85255866385775 -0.31270583302282406
1651700979.313532 118.19752960012207 -51.886331634992075 -0.31227475898725815
1651700979.413532 118.285556668799 -51.920104606126394 -0.31184368495169223
1651700979.5135322 118.36980361751658 -51.952276579723836 -0.31193114839944724
1651700979.613532 118.45404069344931 -51.98444437189201 -0.31201996614523053
1651700979.7135322 118.53827776938203 -52.01661216406019 -0.3121087838910138
1651700979.813532 118.62251484531477 -52.048779956228366 -0.3121976016367971
1651700979.913532 118.71141530678393 -52.08401734450791 -0.3122114158720415
1651700980.0135322 118.80033464553634 -52.11926715844576 -0.31222492649470623
1651700980.113532 118.88925398428873 -52.154516972383604 -0.31223843711737104
1651700980.2135322 118.97820277194677 -52.18977987607619 -0.312247056740553
1651700980.313532 119.07113555178863 -52.22681362589789 -0.31159399799943144
1651700980.413532 119.16406833163049 -52.2638473757196 -0.31094093925830985
1651700980.5135322 119.25700111147233 -52.3008811255413 -0.31028788051718825
1651700980.613532 119.3499338913142 -52.337914875363005 -0.30963482177606666
1651700980.7135322 119.44286667115605 -52.37494862518471 -0.30898176303494507
1651700980.813532 119.53579945099791 -52.41198237500641 -0.3083287042938235
1651700980.913532 119.62873223083977 -52.44901612482811 -0.3076756455527019
1651700981.0135322 119.72166501068162 -52.486049874649815 -0.3070225868115803
1651700981.113532 119.81459779052348 -52.52308362447152 -0.3063695280704587
1651700981.2135322 119.90753057036534 -52.56011737429322 -0.3057164693293371
1651700981.313532 120.0004633502072 -52.59715112411493 -0.3050634105882155
1651700981.413532 120.093396565887 -52.634190498517995 -0.30441061385174867
1651700981.5135322 120.18638842137823 -52.671986632134804 -0.30379306852756915
1651700981.613532 120.27938027686945 -52.70978276575162 -0.3031755232033897
1651700981.7135322 120.37237213236067 -52.747578899368435 -0.3025579778792102
1651700981.813532 120.46536732944172 -52.78537514017199 -0.3019405918749886
1651700981.913532 120.55880313943597 -52.823185514326994 -0.30134421336544887
1651700982.0135322 120.65223894943021 -52.86099588848199 -0.3007478348559091
1651700982.113532 120.74567475942445 -52.89880626263699 -0.30015145634636936
1651700982.2135322 120.83910906490756 -52.93661704891858 -0.29955927893214024
1651700982.313532 120.93234381783513 -52.97448249808189 -0.29952431859970513
1651700982.413532 121.02557857076272 -53.01234794724521 -0.29948935826727
1651700982.5135322 121.11881332369029 -53.05021339640852 -0.2994543979348349
1651700982.613532 121.21203998084835 -53.08807106746384 -0.29942068140793127
1651700982.7135322 121.30418331829023 -53.124887926064865 -0.2995534023087302
1651700982.813532 121.39632665573211 -53.16170478466589 -0.2996861232095291
1651700982.913532 121.48846999317398 -53.19852164326692 -0.299818844110328
1651700983.0135322 121.58062816065953 -53.235343636646874 -0.29994832394989157
1651700983.113532 121.67475890022257 -53.27284861665619 -0.29964670412169575
1651700983.2135322 121.76888963978561 -53.31035359666551 -0.2993450842935
1651700983.313532 121.86302037934865 -53.347858576674824 -0.29904346446530417
1651700983.413532 121.95713589231814 -53.385357355872394 -0.2987453923534849
1651700983.5135322 122.04916470447121 -53.42200635610456 -0.29893351057906
1651700983.613532 122.1411935166243 -53.45865535633673 -0.2991216288046351
1651700983.7135322 122.23322232877737 -53.49530435656889 -0.2993097470302102
1651700983.813532 122.3252543831635 -53.53195962440576 -0.2995035016770267
1651700983.913532 122.41770789585016 -53.56942961900249 -0.3004299354620925
1651700984.0135322 122.51016140853682 -53.60689961359922 -0.3013563692471583
1651700984.113532 122.60261492122348 -53.644369608195944 -0.30228280303222405
1651700984.2135322 122.69505788710435 -53.68183699069319 -0.3032064533264602
1651700984.313532 122.78631698058416 -53.71901116664554 -0.30381765850300746
1651700984.413532 122.87757607406397 -53.75618534259788 -0.3044288636795547
1651700984.5135322 122.96883516754379 -53.793359518550226 -0.3050400688561019
1651700984.613532 123.06009179559814 -53.83052782543862 -0.3056492986728528
1651700984.7135322 123.1510703632276 -53.86703419610534 -0.3060357396067374
1651700984.813532 123.24204893085708 -53.90354056677206 -0.3064221805406221
1651700984.913532 123.33302749848654 -53.94004693743877 -0.3068086214745067
1651700985.0135322 123.42403278381818 -53.97655200778137 -0.30718987610937926
1651700985.113532 123.51802961705062 -54.01291148244852 -0.30699042729056736
1651700985.2135322 123.61202645028305 -54.04927095711567 -0.30679097847175546
1651700985.313532 123.70602328351548 -54.08563043178282 -0.30659152965294356
1651700985.413532 123.80001787452686 -54.12198971749864 -0.3063852003462396
1651700985.5135322 123.89373935035539 -54.158325987876616 -0.3053407887718155
1651700985.613532 123.9874608261839 -54.19466225825459 -0.3042963771973913
1651700985.7135322 124.08118230201242 -54.23099852863257 -0.3032519656229671
1651700985.813532 124.17490377784095 -54.26733479901054 -0.30220755404854294
1651700985.913532 124.2670743483263 -54.30370040466646 -0.3016965639284633
1651700986.0135322 124.35923925559882 -54.340066117441694 -0.30118752162502227
1651700986.113532 124.45140416287133 -54.37643183021693 -0.30067847932158126
1651700986.2135322 124.54356907014383 -54.41279754299216 -0.30016943701814025
1651700986.313532 124.6372901835874 -54.44899297649786 -0.2996401815295806
1651700986.413532 124.73103677178756 -54.485185622568956 -0.29911059515557614
1651700986.5135322 124.82478335998772 -54.52137826864004 -0.2985810087815717
1651700986.613532 124.91852994818788 -54.557570914711135 -0.29805142240756727
1651700986.7135322 125.01182498293744 -54.59388389791441 -0.29795442918681403
1651700986.813532 125.1051189387431 -54.630197168651776 -0.2978584696061392
1651700986.913532 125.19841289454877 -54.66651043938915 -0.29776251002546444
1651700987.0135322 125.29170685035443 -54.70282371012652 -0.2976665504447896
1651700987.113532 125.38442762796268 -54.738921257750874 -0.2978664121252939
1651700987.2135322 125.4771402050379 -54.77501571899734 -0.29807050615803155
1651700987.313532 125.56985278211312 -54.8111101802438 -0.2982746001907692
1651700987.413532 125.66256535918833 -54.84720464149027 -0.29847869422350687
1651700987.5135322 125.75578713580569 -54.88390912245724 -0.2983294373867069
1651700987.613532 125.84901587855478 -54.920621948831815 -0.29817534651432703
1651700987.7135322 125.94224462130387 -54.9573347752064 -0.2980212556419471
1651700987.813532 126.03547336405298 -54.994047601580974 -0.29786716476956715
1651700987.913532 126.1286078783485 -55.030597740843334 -0.29761572794542934
1651700988.0135322 126.22174120100304 -55.06714582271619 -0.2973630600554966
1651700988.113532 126.31487452365758 -55.10369390458906 -0.29711039216556395
1651700988.2135322 126.40800784631213 -55.140241986461916 -0.29685772427563123
1651700988.313532 126.5007192029716 -55.17628551297586 -0.29654962073319774
1651700988.413532 126.59342443534217 -55.21232171652345 -0.2962407126141981
1651700988.5135322 126.68612966771273 -55.248357920071044 -0.2959318044951984
1651700988.613532 126.77883490008331 -55.28439412361863 -0.2956228963761987
1651700988.7135322 126.84453374069408 -55.30999048899903 -0.2951083912625357
1651700988.813532 126.91016164565595 -55.335559432845244 -0.29459334612277954
1651700988.913532 126.9757895506178 -55.361128376691454 -0.29407830098302346
1651700989.0135322 127.04141745557968 -55.38669732053767 -0.2935632558432673
1651700989.113532 127.04455593550738 -55.38712897390111 -0.29446230219898073
1651700989.2135322 127.04752587563327 -55.38749282964995 -0.2953651624912161
1651700989.313532 127.05049581575916 -55.38785668539879 -0.2962680227834514
1651700989.413532 127.05346575588506 -55.388220541147625 -0.2971708830756867
1651700989.5135322 127.10396989645287 -55.40895993346345 -0.2974280937210453
1651700989.613532 127.1546157358017 -55.42976006496637 -0.29768337969391395
1651700989.7135322 127.20526157515052 -55.45056019646929 -0.2979386656667826
1651700989.813532 127.25590741449933 -55.471360327972214 -0.2981939516396513
1651700989.913532 127.3356549507506 -55.50279597292421 -0.29628893642422277
1651700990.0135322 127.41548675414779 -55.5342624141685 -0.29437766582045344
1651700990.113532 127.49531855754499 -55.56572885541279 -0.2924663952166841
1651700990.2135322 127.57515036094217 -55.597195296657084 -0.2905551246129148
1651700990.313532 127.63391709725393 -55.619945612378864 -0.29091154396517743
1651700990.413532 127.69262372637466 -55.64267105745486 -0.2912744339578051
1651700990.5135322 127.75133035549538 -55.66539650253086 -0.2916373239504328
1651700990.613532 127.8100369846161 -55.68812194760686 -0.29200021394306047
1651700990.7135322 127.88852166886412 -55.718905699015856 -0.2923404244230763
1651700990.813532 127.96706238009698 -55.749712277877 -0.29268057065690095
1651700990.913532 128.04560309132984 -55.78051885673814 -0.2930207168907257
1651700991.0135322 128.1241438025627 -55.81132543559929 -0.29336086312455034
1651700991.113532 128.2082286827844 -55.844517855796745 -0.2925367130371526
1651700991.2135322 128.29232689527245 -55.87771601331431 -0.2917097631237187
1651700991.313532 128.37642510776053 -55.91091417083187 -0.2908828132102848
1651700991.413532 128.46052332024857 -55.94411232834944 -0.2900558632968509
1651700991.5135322 128.5444845335938 -55.978459835657766 -0.2889221957498265
1651700991.613532 128.62844541440694 -56.01281013273275 -0.287787783720457
1651700991.7135322 128.71240629522012 -56.04716042980774 -0.28665337169108746
1651700991.813532 128.79636717603327 -56.081510726882726 -0.28551895966171786
1651700991.913532 128.87954475814885 -56.11604399116742 -0.28510527894025706
1651700992.0135322 128.9627206371173 -56.150577653282575 -0.2846931653240009
1651700992.113532 129.04589651608572 -56.185111315397734 -0.28428105170774476
1651700992.2135322 129.12907239505415 -56.219644977512885 -0.2838689380914886
1651700992.313532 129.21837781464663 -56.258833869770335 -0.28336795609514603
1651700992.413532 129.30769020424827 -56.29802805557238 -0.2828668730449953
1651700992.5135322 129.3970025938499 -56.33722224137443 -0.2823657899948446
1651700992.613532 129.48631498345154 -56.37641642717648 -0.2818647069446939
1651700992.7135322 129.57874072818132 -56.42064786200487 -0.2806338841868404
1651700992.813532 129.67116778581865 -56.46488142105039 -0.2794027536964178
1651700992.913532 129.763594843456 -56.50911498009591 -0.2781716232059952
1651700993.0135322 129.85602155862418 -56.55334854325258 -0.276940731675222
1651700993.113532 129.94531232821416 -56.59761975171829 -0.27789796281825196
1651700993.2135322 130.03460309780414 -56.641890960184 -0.2788551939612819
1651700993.313532 130.1238938673941 -56.68616216864971 -0.27981242510431187
1651700993.413532 130.21318368996913 -56.730432344553364 -0.28077019250598484
1651700993.5135322 130.30170824261086 -56.773868121068205 -0.28216130324285543
1651700993.613532 130.39023279525262 -56.817303897583045 -0.2835524139797261
1651700993.7135322 130.47875734789437 -56.860739674097886 -0.2849435247165967
1651700993.813532 130.56728301751897 -56.9041756622392 -0.28633339582617634
1651700993.913532 130.65643474092806 -56.94773026415409 -0.28702847259054964
1651700994.0135322 130.74558646433715 -56.99128486606899 -0.28772354935492295
1651700994.113532 130.83473818774624 -57.03483946798388 -0.28841862611929625
1651700994.2135322 130.92388707721503 -57.07839522458985 -0.28911273172847984
1651700994.313532 131.01160945872402 -57.12253221292045 -0.28931799125543184
1651700994.413532 131.09933184023302 -57.16666920125105 -0.2895232507823838
1651700994.5135322 131.18705422174202 -57.210806189581646 -0.2897285103093358
1651700994.613532 131.2747473658812 -57.25493087051287 -0.28993275648392236
1651700994.7135322 131.3476270436052 -57.292819858955745 -0.289623575447815
1651700994.813532 131.4205067213292 -57.33070884739862 -0.2893143944117076
1651700994.913532 131.4933863990532 -57.36859783584149 -0.2890052133756002
1651700995.0135322 131.5661424575624 -57.40642831183255 -0.2886974288129163
1651700995.113532 131.57069101059164 -57.41197425677879 -0.28916015528150263
1651700995.2135322 131.5752395636209 -57.417520201725026 -0.2896228817500889
1651700995.313532 131.57978811665015 -57.42306614667127 -0.29008560821867513
1651700995.413532 131.58432642754693 -57.42860298923182 -0.2905481111519003
1651700995.5135322 131.58401760634558 -57.42983208963346 -0.29090482503908194
1651700995.613532 131.58370878514427 -57.43106119003509 -0.29126153892626355
1651700995.7135322 131.58339996394292 -57.432290290436725 -0.29161825281344517
1651700995.813532 131.58309114274158 -57.43351939083836 -0.2919749667006268
1651700995.913532 131.5829592781713 -57.43359131561242 -0.2919426390248363
1651700996.0135322 131.58282925731936 -57.43365118372665 -0.2919062579092111
1651700996.113532 131.58269923646742 -57.43371105184088 -0.29186987679358584
1651700996.2135322 131.5825695939163 -57.43377057112165 -0.29183335060863314
1651700996.313532 131.58265040335968 -57.43363603137063 -0.29171612111817236
1651700996.413532 131.58273121280303 -57.43350149161962 -0.2915988916277115
1651700996.5135322 131.5828120222464 -57.43336695186861 -0.2914816621372507
1651700996.613532 131.58289215034685 -57.43323215436777 -0.2913645185758515
1651700996.7135322 131.5826872410057 -57.43298952812129 -0.2912833231396582
1651700996.813532 131.58248233166452 -57.432746901874815 -0.2912021277034649
1651700996.913532 131.58227742232333 -57.43250427562834 -0.29112093226727154
1651700997.0135322 131.58207232181064 -57.43226232169972 -0.2910399162036347
1651700997.113532 131.58179644136567 -57.43226928878755 -0.2910253115833669
1651700997.2135322 131.58152056092072 -57.43227625587539 -0.29101070696309916
1651700997.313532 131.58124468047575 -57.43228322296322 -0.29099610234283135
1651700997.413532 131.58097119117946 -57.43229087645751 -0.29098159011211155
1651700997.5135322 131.58128099191617 -57.4324659699972 -0.2909896151258612
1651700997.613532 131.58159079265286 -57.43264106353689 -0.2909976401396108
1651700997.7135322 131.58190059338955 -57.43281615707659 -0.2910056651533604
1651700997.813532 131.58221039412626 -57.43299125061628 -0.29101369016711004
1651700997.913532 131.58208169094624 -57.43293231172418 -0.29108398512132455
1651700998.0135322 131.58194975661468 -57.43287164834518 -0.29115473891663046
1651700998.113532 131.58181782228309 -57.43281098496618 -0.2912254927119364
1651700998.2135322 131.58168588795152 -57.43275032158718 -0.2912962465072423
1651700998.313532 131.58175704502463 -57.432740406249636 -0.29127664406725795
1651700998.413532 131.58182946320338 -57.43273080603444 -0.29125648055597936
1651700998.5135322 131.58190188138212 -57.43272120581925 -0.2912363170447008
1651700998.613532 131.58197429956084 -57.43271160560405 -0.29121615353342223
1651700998.7135322 131.58165525383157 -57.43244437794522 -0.2912056874677767
1651700998.813532 131.58133351971614 -57.43217538102479 -0.2911952879995319
1651700998.913532 131.58101178560068 -57.431906384104366 -0.2911848885312871
1651700999.0135322 131.58069005148525 -57.43163738718395 -0.29117448906304233
1651700999.113532 131.58080958448025 -57.43199477300137 -0.2914056006726005
1651700999.2135322 131.58093216004508 -57.432356477774725 -0.2916383775191422
1651700999.313532 131.5810547356099 -57.43271818254807 -0.29187115436568384
1651700999.413532 131.5811773111747 -57.433079887321426 -0.2921039312122255
1651700999.5135322 131.58127670989566 -57.43316017576058 -0.2921942070225952
1651700999.613532 131.5813759513649 -57.43323855482825 -0.2922835159828534
1651700999.7135322 131.58147519283412 -57.433316933895924 -0.2923728249431116
1651700999.813532 131.58157443430332 -57.4333953129636 -0.29246213390336984
1651700999.913532 131.58159655986734 -57.43330383201742 -0.29236646390980636
1651701000.0135322 131.58161813883362 -57.43321114710301 -0.2922694827849242
1651701000.113532 131.58163971779987 -57.4331184621886 -0.292172501660042
1651701000.2135322 131.58166129676616 -57.43302577727419 -0.2920755205351598
1651701000.313532 131.5818433396254 -57.43297383283515 -0.29215787074618227
1651701000.413532 131.5820266058061 -57.43292219898746 -0.2922415881175491
1651701000.5135322 131.58220987198683 -57.43287056513978 -0.2923253054889159
1651701000.613532 131.58239313816753 -57.4328189312921 -0.2924090228602827
1651701000.7135322 131.58217654218015 -57.432673283002856 -0.2924466435166206
1651701000.813532 131.58195665914036 -57.43252686187131 -0.2924838852365886
1651701000.913532 131.58173677610057 -57.43238044073977 -0.2925211269565566
1651701001.0135322 131.58151689306078 -57.43223401960823 -0.29255836867652457
1651701001.113532 131.5815668700015 -57.43249895634086 -0.2925349255248005
1651701001.2135322 131.58161898188928 -57.43276714745476 -0.2925110022759949
1651701001.313532 131.5816710937771 -57.43303533856866 -0.2924870790271894
1651701001.413532 131.58172320566487 -57.43330352968256 -0.2924631557783839
1651701001.5135322 131.58166840951768 -57.43334502662362 -0.29252497110087466
1651701001.613532 131.5816127594562 -57.43338471287388 -0.29258747124927215
1651701001.7135322 131.5815571093947 -57.43342439912415 -0.29264997139766963
1651701001.813532 131.58150145933323 -57.43346408537441 -0.29271247154606705
1651701001.913532 131.58170884876424 -57.433440989942014 -0.29268593426520256
1651701002.0135322 131.58191834709112 -57.43341739116303 -0.2926586831346321
1651701002.113532 131.582127845418 -57.43339379238406 -0.2926314320040617
1651701002.2135322 131.58233734374488 -57.43337019360508 -0.29260418087349127
1651701002.313532 131.5822403127373 -57.43334831276814 -0.292540559066673
1651701002.413532 131.5821408832567 -57.43332644537343 -0.2924766526734303
1651701002.5135322 131.58204145377607 -57.433304577978724 -0.2924127462801877
1651701002.613532 131.58194202429544 -57.43328271058402 -0.29234883988694504
1651701002.7135322 131.58183185152282 -57.433334301657865 -0.29243714934523296
1651701002.813532 131.58172159678463 -57.43338645318055 -0.2925266201290729
1651701002.913532 131.58161134204641 -57.433438604703234 -0.29261609091291285
1651701003.0135322 131.58150108730823 -57.43349075622592 -0.2927055616967528
1651701003.113532 131.575538769203 -57.4308890303243 -0.2923146970140997
1651701003.2135322 131.5695327746191 -57.428267497388234 -0.29192024738021777
1651701003.313532 131.5635267800352 -57.425645964452166 -0.29152579774633586
1651701003.413532 131.5575207854513 -57.4230244315161 -0.29113134811245395
1651701003.5135322 131.4921438137709 -57.39685262300578 -0.2907413245517605
1651701003.613532 131.42637836253527 -57.37052671899244 -0.29035132995200097
1651701003.7135322 131.36061291129963 -57.3442008149791 -0.28996133535224144
1651701003.813532 131.294847460064 -57.31787491096575 -0.2895713407524819
1651701003.913532 131.2025393867096 -57.282605943472 -0.28968559376963876
1651701004.0135322 131.11005517597854 -57.24727762962831 -0.289803192984169
1651701004.113532 131.0175709652475 -57.21194931578462 -0.28992079219869926
1651701004.2135322 130.92508675451646 -57.17662100194093 -0.2900383914132295
1651701004.313532 130.8303421611785 -57.14090261021637 -0.290385310523037
1651701004.413532 130.73558333544432 -57.10518176238419 -0.2907336735351301
1651701004.5135322 130.64082450971014 -57.06946091455201 -0.2910820365472232
1651701004.613532 130.54606568397594 -57.03374006671982 -0.29143039955931627
1651701004.7135322 130.45506378457912 -56.999955900355786 -0.29048599301604666
1651701004.813532 130.36408685978904 -56.96618460830804 -0.2895329926361368
1651701004.913532 130.27310993499893 -56.9324133162603 -0.2885799922562269
1651701005.0135322 130.18213301020884 -56.89864202421256 -0.287626991876317
1651701005.113532 130.08841932807556 -56.86315560246299 -0.286456679641145
1651701005.2135322 129.99468768178355 -56.8276579225497 -0.28528494096432144
1651701005.313532 129.90095603549153 -56.792160242636406 -0.28411320228749787
1651701005.413532 129.80722438919952 -56.756662562723115 -0.2829414636106743
1651701005.5135322 129.7145697327906 -56.721031677746886 -0.28167560965607225
1651701005.613532 129.62192194133175 -56.6853999436948 -0.28040915579176345
1651701005.7135322 129.52927414987292 -56.64976820964271 -0.27914270192745466
1651701005.813532 129.4366263584141 -56.61413647559062 -0.27787624806314587
1651701005.913532 129.339202305883 -56.57770759546123 -0.2790585382030798
1651701006.0135322 129.24174826517188 -56.541273710379265 -0.2802562030000925
1651701006.113532 129.14429422446074 -56.50483982529731 -0.28145386779710524
1651701006.2135322 129.0468401837496 -56.46840594021535 -0.2826515325941179
1651701006.313532 128.95421479467993 -56.434275437248196 -0.28349517576962446
1651701006.413532 128.86161989060182 -56.40015947634983 -0.28433658388098865
1651701006.5135322 128.7690249865237 -56.36604351545145 -0.2851779919923529
1651701006.613532 128.6764300824456 -56.33192755455308 -0.28601940010371707
1651701006.7135322 128.5828911732552 -56.29716028867285 -0.28631207342362053
1651701006.813532 128.48934642181726 -56.26238899200412 -0.2866013507402024
1651701006.913532 128.3958016703793 -56.22761769533539 -0.2868906280567842
1651701007.0135322 128.30225691894137 -56.19284639866666 -0.2871799053733661
1651701007.113532 128.20682054049016 -56.15739090918251 -0.2887988343483079
1651701007.2135322 128.11137215649796 -56.12193107734924 -0.2904262021895633
1651701007.313532 128.01592377250574 -56.086471245515966 -0.2920535700308187
1651701007.413532 127.92047538851355 -56.051011413682694 -0.29368093787207417
1651701007.5135322 127.82885542709515 -56.01683651196226 -0.29387222935231994
1651701007.613532 127.73726055301954 -55.98267003028471 -0.2940541103405747
1651701007.7135322 127.64566567894394 -55.94850354860716 -0.29423599132882955
1651701007.813532 127.55407080486835 -55.9143370669296 -0.29441787231708433
1651701007.913532 127.459815452786 -55.87913436546433 -0.2938418778352225
1651701008.0135322 127.36554303049616 -55.843925015386766 -0.29326102065894905
1651701008.113532 127.27127060820631 -55.8087156653092 -0.29268016348267556
1651701008.2135322 127.17699818591646 -55.77350631523164 -0.29209930630640213
1651701008.313532 127.08412691173679 -55.73816653556888 -0.29256964110571887
1651701008.413532 126.99126731730023 -55.70282566866628 -0.2930487384706254
1651701008.5135322 126.89840772286365 -55.667484801763685 -0.29352783583553194
1651701008.613532 126.80554812842709 -55.632143934861084 -0.29400693320043847
1651701008.7135322 126.71268853399052 -55.59680306795848 -0.294486030565345
1651701008.813532 126.61982893955394 -55.56146220105588 -0.29496512793025154
1651701008.913532 126.52696934511738 -55.52612133415328 -0.29544422529515807
1651701009.0135322 126.4341097506808 -55.49078046725069 -0.2959233226600646
1651701009.113532 126.34112827499932 -55.45423514172251 -0.2956593766194462
1651701009.2135322 126.24814523675134 -55.41767437455129 -0.29538590446410856
1651701009.313532 126.15516219850336 -55.381113607380065 -0.2951124323087709
1651701009.413532 126.06217916025538 -55.34455284020884 -0.29483896015343325
1651701009.5135322 125.96903585086413 -55.30810954043833 -0.2951165655033766
1651701009.613532 125.87589048343982 -55.27166774906034 -0.295401247209689
1651701009.7135322 125.7827451160155 -55.23522595768235 -0.2956859289160014
1651701009.813532 125.68959974859119 -55.19878416630437 -0.2959706106223137
1651701009.913532 125.59645438116688 -55.16234237492638 -0.29625529232862613
1651701010.0135322 125.50330901374255 -55.12590058354839 -0.2965399740349385
1651701010.113532 125.41016364631824 -55.08945879217041 -0.29682465574125083
1651701010.2135322 125.31701827889393 -55.05301700079242 -0.2971093374475632
1651701010.313532 125.22335871919196 -55.01676999181379 -0.2972433269148577
1651701010.413532 125.1296925947521 -54.98052546963913 -0.2973753924811164
1651701010.5135322 125.03602647031222 -54.94428094746448 -0.29750745804737505
1651701010.613532 124.94236034587234 -54.90803642528982 -0.29763952361363366
1651701010.7135322 124.85020653311639 -54.87197803962634 -0.29768311515176593
1651701010.813532 124.75807231447726 -54.83592206562216 -0.29772556038489884
1651701010.913532 124.66593809583814 -54.79986609161798 -0.29776800561803174
1651701011.0135322 124.57380387719903 -54.7638101176138 -0.2978104508511646
1651701011.113532 124.4820372469038 -54.726099953923224 -0.29812632224223856
1651701011.2135322 124.39027531485502 -54.688368647585065 -0.2984456883672874
1651701011.313532 124.29851338280625 -54.650637341246906 -0.29876505449233626
1651701011.413532 124.20675145075747 -54.61290603490875 -0.29908442061738516
1651701011.5135322 124.11800438937348 -54.57427095080747 -0.29952246528194704
1651701011.613532 124.02929565101894 -54.53562437848474 -0.2999620185091204
1651701011.7135322 123.94058691266439 -54.49697780616201 -0.3004015717362938
1651701011.813532 123.85187817430985 -54.45833123383928 -0.30084112496346715
1651701011.913532 123.7643321053566 -54.4155074638493 -0.30121490861118655
1651701012.0135322 123.67680070291334 -54.372631000538874 -0.3015878626075938
1651701012.113532 123.58926930047008 -54.329754537228446 -0.30196081660400104
1651701012.2135322 123.50173789802682 -54.28687807391802 -0.30233377060040834
1651701012.313532 123.41205714577023 -54.24320175536837 -0.30340488122479276
1651701012.413532 123.3223492363702 -54.199515330607376 -0.30448481309343306
1651701012.5135322 123.23264132697017 -54.155828905846384 -0.30556474496207336
1651701012.613532 123.14293341757015 -54.112142481085385 -0.30664467683071367
1651701012.7135322 123.05426898262755 -54.068815564208414 -0.3064075018200286
1651701012.813532 122.96561769479266 -54.025493176899786 -0.30615373210895097
1651701012.913532 122.87696640695776 -53.98217078959115 -0.30589996239787326
1651701013.0135322 122.78831511912286 -53.93884840228252 -0.3056461926867956
1651701013.113532 122.69970096150078 -53.89493590802334 -0.3047679187646274
1651701013.2135322 122.61108727227645 -53.85101596956296 -0.3038817667197002
1651701013.313532 122.52247358305213 -53.807096031102574 -0.302995614674773
1651701013.413532 122.4338598938278 -53.7631760926422 -0.3021094626298458
1651701013.5135322 122.34569874428209 -53.719408674174026 -0.30133874807271566
1651701013.613532 122.25754341794925 -53.6756432183103 -0.3005695189479097
1651701013.7135322 122.16938809161643 -53.63187776244657 -0.2998002898231037
1651701013.813532 122.08123276528359 -53.588112306582836 -0.2990310606982977
1651701013.913532 121.99126574628944 -53.54390830980528 -0.29795871827460946
1651701014.0135322 121.90127607295867 -53.499698829286636 -0.29688258556636693
1651701014.113532 121.81128639962789 -53.45548934876799 -0.2958064528581244
1651701014.2135322 121.72129672629713 -53.411279868249345 -0.2947303201498819
1651701014.313532 121.62916444557575 -53.36659302143814 -0.29539845074296917
1651701014.413532 121.53700751029018 -53.32190068166637 -0.29608665223272623
1651701014.5135322 121.44485057500462 -53.2772083418946 -0.29677485372248336
1651701014.613532 121.35269363971905 -53.23251600212283 -0.2974630552122404
1651701014.7135322 121.2637527648014 -53.18924764566179 -0.29750199608397515
1651701014.813532 121.17484940176831 -53.14599589843424 -0.2975333640290329
1651701014.913532 121.08594603873523 -53.1027441512067 -0.29756473197409067
1651701015.0135322 120.99704267570215 -53.05949240397915 -0.2975960999191484
1651701015.113532 120.90760803157225 -53.01564401134468 -0.29738292371011343
1651701015.2135322 120.81816738578591 -52.971788878660966 -0.29716698498984384
1651701015.313532 120.72872673999957 -52.927933745977256 -0.29695104626957425
1651701015.413532 120.63928609421323 -52.884078613293546 -0.29673510754930466
1651701019.0536468 118.21707219724513 -51.65504033781327 -0.3089335626570775
1651701019.1536467 118.12721637479348 -51.61006572577996 -0.30959524564560054
1651701019.2536469 118.03736055234182 -51.56509111374666 -0.31025692863412363
1651701019.3536468 117.94750472989017 -51.52011650171336 -0.31091861162264667
1651701019.453647 117.85777139299589 -51.475161671471795 -0.31140605917647773
1651701019.5536468 117.76823020205852 -51.43023787338932 -0.3116201795312331
1651701019.6536467 117.67868901112115 -51.38531407530686 -0.3118342998859885
1651701019.7536469 117.58914782018378 -51.34039027722439 -0.31204842024074386
1651701019.8536468 117.49983688884761 -51.29531380682219 -0.3122406383194153
1651701019.953647 117.41088667672821 -51.249998163593716 -0.31239854481310086
1651701020.0536468 117.3219364646088 -51.20468252036523 -0.31255645130678644
1651701020.1536467 117.2329862524894 -51.159366877136755 -0.312714357800472
1651701020.2536469 117.14430043033803 -51.11417205432532 -0.3126255868129126
1651701020.3536468 117.05602984906294 -51.06916698748769 -0.3121493935103788
1651701020.453647 116.96775926778784 -51.02416192065006 -0.311673200207845
1651701020.5536468 116.87948868651274 -50.97915685381243 -0.31119700690531127
1651701020.6536467 116.79034436016744 -50.933179624478434 -0.31119707591877993
1651701020.7536469 116.69982443505585 -50.88567185085159 -0.31194695843810255
1651701020.8536468 116.60930450994427 -50.83816407722473 -0.31269684095742517
1651701020.953647 116.51878458483267 -50.790656303597885 -0.3134467234767478
1651701021.0536468 116.42906267682821 -50.74349598763529 -0.31444408921281963
1651701021.1536467 116.34059690918451 -50.696882596784754 -0.31583101258418167
1651701021.2536469 116.25213114154081 -50.65026920593421 -0.3172179359555437
1651701021.3536468 116.16366537389712 -50.60365581508367 -0.31860485932690574
1651701021.453647 116.08743617628977 -50.563288690662986 -0.31995965728388764
1651701021.5536468 116.03049312185658 -50.53276635022279 -0.3212638221517422
1651701021.6536467 115.97355006742337 -50.5022440097826 -0.3225679870195968
1651701021.7536469 115.91660701299017 -50.47172166934241 -0.3238721518874514
1651701021.8536468 115.88244238934722 -50.45300431032107 -0.32457253243714107
1651701021.953647 115.88429290155432 -50.45295188978573 -0.3243182653887109
1651701022.0536468 115.88614341376142 -50.4528994692504 -0.3240639983402807
1651701022.1536467 115.88799392596853 -50.45284704871506 -0.3238097312918505
1651701022.2536469 115.88897545795194 -50.45295192741501 -0.3236436233051591
1651701022.3536468 115.88858445449746 -50.453305256849376 -0.32361676064662204
1651701022.453647 115.88819345104298 -50.45365858628375 -0.3235898979880849
1651701022.5536468 115.8878024475885 -50.45401191571813 -0.32356303532954783
1651701022.6536467 115.88757637545676 -50.45429999057532 -0.3235499806009293
1651701022.7536469 115.88761021150293 -50.454485233550905 -0.32355868519520076
1651701022.8536468 115.8876440475491 -50.45467047652648 -0.32356738978947214
1651701022.953647 115.88767788359529 -50.454855719502056 -0.3235760943837435
1651701023.0536468 115.88768712688707 -50.45493471606418 -0.3235809755180242
1651701023.1536467 115.88765756006761 -50.454846043927525 -0.3235798228056965
1651701023.2536469 115.88762799324815 -50.45475737179087 -0.3235786700933689
1651701023.3536468 115.88759842642868 -50.45466869965421 -0.3235775173810412
1651701023.453647 115.88762364572023 -50.454643413176335 -0.3236563532680091
1651701023.5536468 115.88773513234668 -50.4547179350578 -0.32386114084525447
1651701023.6536467 115.88784661897313 -50.45479245693927 -0.3240659284224998
1651701023.7536469 115.8879581055996 -50.45486697882074 -0.3242707159997451
1651701023.8536468 115.88806711230154 -50.45490133753461 -0.32442615110760253
1651701023.953647 115.88817220977289 -50.45487238501339 -0.3245037894185907
1651701024.0536468 115.88827730724424 -50.45484343249217 -0.3245814277295789
1651701024.1536467 115.8883824047156 -50.45481447997095 -0.3246590660405671
1651701024.2536469 115.88844165651076 -50.45478658694643 -0.3246864968916481
1651701024.3536468 115.88842867686971 -50.45476036319534 -0.3246348241665163
1651701024.453647 115.88841569722864 -50.45473413944424 -0.3245831514413845
1651701024.5536468 115.88840271758757 -50.45470791569315 -0.3245314787162527
1651701024.6536467 115.88840556373687 -50.45472538612367 -0.32451806315796605
1651701024.7536469 115.88843331854862 -50.45481162807181 -0.3245648616448057
1651701024.8536468 115.88846107336038 -50.45489787001995 -0.3246116601316453
1651701024.953647 115.88848882817211 -50.45498411196808 -0.3246584586184849
1651701025.0536468 115.88691551957105 -50.45432896178156 -0.3246254204717524
1651701025.1536467 115.8828179124406 -50.452504904067574 -0.3244665087992742
1651701025.2536469 115.87872030531015 -50.450680846353585 -0.3243075971267959
1651701025.3536468 115.87462269817972 -50.448856788639596 -0.32414868545431763
1651701025.453647 115.85341581359619 -50.43866635340326 -0.3238654551587762
1651701025.5536468 115.80528479745865 -50.41531011092233 -0.323386590011258
1651701025.6536467 115.75715378132114 -50.39195386844139 -0.3229077248637398
1651701025.7536469 115.70902276518362 -50.368597625960454 -0.32242885971622165
1651701025.8536468 115.65740183460585 -50.342625729419076 -0.3221617560259609
1651701025.953647 115.60028349468331 -50.3125335825619 -0.32222822481546126
1651701026.0536468 115.54316515476076 -50.28244143570472 -0.32229469360496166
1651701026.1536467 115.48604681483822 -50.25234928884754 -0.322361162394462
1651701026.2536469 115.42863273682394 -50.222092489841614 -0.32242696561417894
1651701026.3536468 115.37075357758874 -50.19157675691914 -0.3224917221509825
1651701026.453647 115.31287441835356 -50.161061023996666 -0.322556478687786
1651701026.5536468 115.25499525911836 -50.13054529107419 -0.3226212352245895
1651701026.6536467 115.19724176266803 -50.100187274096676 -0.3229061465839562
1651701026.7536469 115.13968589769033 -50.07007729900757 -0.3235372982549839
1651701026.8536468 115.08213003271261 -50.039967323918475 -0.3241684499260116
1651701026.953647 115.02457416773491 -50.00985734882937 -0.3247996015970393
1651701027.0536468 114.96362645636569 -49.978168224324385 -0.3251582585965557
1651701027.1536467 114.8973467847656 -49.94399668731832 -0.3250885557637253
1651701027.2536469 114.83106711316553 -49.909825150312244 -0.32501885293089483
1651701027.3536468 114.76478744156545 -49.87565361330617 -0.3249491500980644
1651701027.453647 114.69127284370921 -49.84001039362092 -0.3249373261534062
1651701027.5536468 114.60643013455038 -49.80206288159025 -0.32501612628203813
1651701027.6536467 114.52158742539156 -49.764115369559576 -0.32509492641067
1651701027.7536469 114.43674471623272 -49.7261678575289 -0.3251737265393019
1651701027.8536468 114.35079477763462 -49.69218963785819 -0.3250693207413916
1651701027.953647 114.26311014059883 -49.66443011596704 -0.3246778858750052
1651701028.0536468 114.17542550356305 -49.636670594075895 -0.32428645100861875
1651701028.1536467 114.08774086652726 -49.608911072184746 -0.32389501614223226
1651701028.2536469 114.00105509183214 -49.58166142413006 -0.3239529423870008
1651701028.3536468 113.91593129674789 -49.55520909569013 -0.3247135609497669
1651701028.453647 113.83080750166363 -49.52875676725021 -0.32547417951253305
1651701028.5536468 113.74568370657937 -49.502304438810285 -0.32623479807529915
1651701028.6536467 113.66709440852885 -49.471409330584116 -0.3265252605537611
1651701028.7536469 113.5987973763819 -49.43351654974827 -0.3260751960397308
1651701028.8536468 113.53050034423494 -49.395623768912415 -0.3256251315257005
1651701028.953647 113.46220331208798 -49.35773098807657 -0.3251750670116702
1651701029.0536468 113.3879467915994 -49.31504288604557 -0.32491348136503084
1651701029.1536467 113.30457827527735 -49.26502278766762 -0.324940077950811
1651701029.2536469 113.22120975895528 -49.21500268928967 -0.3249666745365911
1651701029.3536468 113.13784124263323 -49.16498259091173 -0.3249932711223712
1651701029.453647 113.05284699385356 -49.116851775041646 -0.32510015336654946
1651701029.5536468 112.96537373907644 -49.071601840737266 -0.3253294595850703
1651701029.6536467 112.87790048429932 -49.02635190643288 -0.32555876580359117
1651701029.7536469 112.79042722952218 -48.9811019721285 -0.3257880720221121
1651701029.8536468 112.70206828939226 -48.937673761319985 -0.3260947270335546
1651701029.953647 112.61235837143373 -48.897024311665156 -0.32651936582329444
1651701030.0536468 112.52264845347521 -48.85637486201033 -0.32694400461303436
1651701030.1536467 112.43293853551668 -48.81572541235549 -0.3273686434027743
1651701030.2536469 112.34289301145819 -48.7762031689557 -0.3277578981158343
1651701030.3536468 112.25233413825897 -48.738405120564515 -0.3280930287073126
1651701030.453647 112.16177526505975 -48.70060707217332 -0.32842815929879093
1651701030.5536468 112.07121639186053 -48.66280902378213 -0.32876328989026926
1651701030.6536467 111.9802963183014 -48.62601661821698 -0.3291076178501075
1651701030.7536469 111.88882580028849 -48.59075674300756 -0.3294659619654231
1651701030.8536468 111.79735528227557 -48.55549686779814 -0.3298243060807387
1651701030.953647 111.70588476426266 -48.52023699258872 -0.3301826501960543
1651701031.0536468 111.61408522684476 -48.48592259163279 -0.33043945604964775
1651701031.1536467 111.52178357934112 -48.45305106046299 -0.3305413063458223
1651701031.2536469 111.42948193183746 -48.42017952929319 -0.33064315664199684
1651701031.3536468 111.3371802843338 -48.38730799812339 -0.3307450069381714
1651701031.453647 111.24382783109529 -48.3543458836461 -0.33102881193586003
1651701031.5536468 111.14886549180369 -48.32124499108784 -0.3315913804828335
1651701031.6536467 111.0539031525121 -48.28814409852957 -0.332153949029807
1651701031.7536469 110.95894081322052 -48.255043205971305 -0.33271651757678045
1651701031.8536468 110.86494016965734 -48.222048624725865 -0.3330270643735079
1651701031.953647 110.77246031434915 -48.18922216005944 -0.332939073767552
1651701032.0536468 110.67998045904096 -48.15639569539301 -0.3328510831615961
1651701032.1536467 110.58750060373278 -48.12356923072659 -0.3327630925556403
1651701032.2536469 110.4947821457472 -48.09062466955258 -0.33247774842754396
1651701032.3536468 110.40168376164635 -48.05749206376884 -0.33187815905364665
1651701032.453647 110.30858537754551 -48.02435945798509 -0.33127856967974934
1651701032.5536468 110.21548699344467 -47.99122685220135 -0.3306789803058521
1651701032.6536467 110.12203377895415 -47.957772767514776 -0.3302155993533013
1651701032.7536469 110.02801694086112 -47.92380803576241 -0.32996857608421415
1651701032.8536468 109.9340001027681 -47.88984330401005 -0.32972155281512694
1651701032.953647 109.83998326467507 -47.85587857225768 -0.3294745295460398
1651701033.0536468 109.74583399314156 -47.822100368634665 -0.3293209805366061
1651701033.1536467 109.65147528557053 -47.788617148757105 -0.32931525581143517
1651701033.2536469 109.5571165779995 -47.755133928879545 -0.3293095310862642
1651701033.3536468 109.46275787042845 -47.721650709001985 -0.3293038063610933
1651701033.453647 109.3679970570079 -47.68831224671955 -0.32950071769465905
1651701033.5536468 109.27260086961489 -47.655202518260225 -0.33001781755012444
1651701033.6536467 109.17720468222188 -47.62209278980091 -0.33053491740558977
1651701033.7536469 109.08180849482886 -47.588983061341594 -0.33105201726105515
1651701033.8536468 108.9868241695296 -47.55635410653091 -0.3316526960535502
1651701033.953647 108.89252308666418 -47.52452271226978 -0.3323920248389018
1651701034.0536468 108.79822200379878 -47.49269131800865 -0.33313135362425345
1651701034.1536467 108.70392092093337 -47.46085992374753 -0.3338706824096051
1651701034.2536469 108.60917383252895 -47.429501739804195 -0.3344214867009946
1651701034.3536468 108.5136866171389 -47.39892882800538 -0.3346594427130889
1651701034.453647 108.41819940174886 -47.368355916206575 -0.33489739872518326
1651701034.5536468 108.32271218635883 -47.33778300440776 -0.33513535473727757
1651701034.6536467 108.22737870150252 -47.306660451543415 -0.3355305180067214
1651701034.7536469 108.13228755181824 -47.274671464673204 -0.3361734970277121
1651701034.8536468 108.03719640213394 -47.242682477803 -0.33681647604870274
1651701034.953647 107.94210525244966 -47.21069349093279 -0.3374594550696934
1651701035.0536468 107.84712160777502 -47.17854003467239 -0.3380984426285396
1651701035.1536467 107.75230707731076 -47.14612785455208 -0.3387311512895834
1651701035.2536469 107.6574925468465 -47.113715674431766 -0.33936385995062723
1651701035.3536468 107.56267801638224 -47.081303494311456 -0.33999656861167105
1651701035.453647 107.46836796953593 -47.04898420662675 -0.3403249619772972
1651701035.5536468 107.37485104241705 -47.01681095901268 -0.3401749285802729
1651701035.6536467 107.28133411529816 -46.98463771139862 -0.34002489518324847
1651701035.7536469 107.1878171881793 -46.95246446378455 -0.3398748617862241
1651701035.8536468 107.09385487565292 -46.91992022011463 -0.3397902294049526
1651701035.953647 106.99919133880488 -46.88679187231097 -0.339808565783185
1651701036.0536468 106.90452780195682 -46.85366352450731 -0.33982690216141737
1651701036.1536467 106.80986426510876 -46.82053517670365 -0.33984523853964976
1651701036.2536469 106.71584164412977 -46.787166786384844 -0.3400412414067423
1651701036.3536468 106.62282853446642 -46.75342030332878 -0.3405170880717099
1651701036.453647 106.52981542480308 -46.71967382027272 -0.34099293473667747
1651701036.5536468 106.43680231513974 -46.685927337216654 -0.34146878140164505
1651701036.6536467 106.34365511715252 -46.651926908029054 -0.3421078197521697
1651701036.7536469 106.25029800735635 -46.61752893272922 -0.34300233047295725
1651701036.8536468 106.15694089756016 -46.58313095742939 -0.34389684119374486
1651701036.953647 106.06358378776399 -46.54873298212956 -0.3447913519145324
1651701037.0536468 105.973434886766 -46.513627762071856 -0.34554473002337377
1651701037.1536467 105.88831250415299 -46.47741445366899 -0.346076986093941
1651701037.2536469 105.80319012153998 -46.44120114526613 -0.3466092421645082
1651701037.3536468 105.71806773892698 -46.40498783686326 -0.3471414982350755
1651701037.453647 105.63492672668956 -46.366771856749416 -0.34728520427188114
1651701037.5536468 105.55489443524715 -46.32541373457561 -0.3468192849782916
1651701037.6536467 105.47486214380473 -46.284055612401815 -0.34635336568470204
1651701037.7536469 105.39482985236232 -46.24269749022801 -0.3458874463911125
1651701037.8536468 105.31168340334021 -46.1995931235888 -0.3458375034323294
1651701037.953647 105.22366620688271 -46.15375751566401 -0.3464381748416681
1651701038.0536468 105.13564901042521 -46.10792190773922 -0.3470388462510069
1651701038.1536467 105.04763181396773 -46.06208629981443 -0.3476395176603456
1651701038.2536469 104.95897808254549 -46.016809631118186 -0.34842753213994826
1651701038.3536468 104.86933267631856 -45.97240374875892 -0.3495074133871393
1651701038.453647 104.77968727009164 -45.92799786639966 -0.35058729463433036
1651701038.5536468 104.69004186386472 -45.88359198404039 -0.35166717588152147
1651701038.6536467 104.6007912036902 -45.840209489633224 -0.3524493916535695
1651701038.7536469 104.51215577776411 -45.79842200374786 -0.3527676787966726
1651701038.8536468 104.423520351838 -45.756634517862494 -0.35308596593977576
1651701038.953647 104.33488492591188 -45.71484703197713 -0.35340425308287887
1651701039.0536468 104.24543396767827 -45.6732497833451 -0.353612083419969
1651701039.1536467 104.15471159425876 -45.63194911466532 -0.35364771155334646
1651701039.2536469 104.06398922083926 -45.59064844598553 -0.35368333968672383
1651701039.3536468 103.97326684741977 -45.54934777730575 -0.35371896782010126
1651701039.453647 103.88206435235226 -45.5079034487949 -0.3542584673088685
1651701039.5536468 103.79011431816767 -45.46623544500567 -0.3555824837001757
1651701039.6536467 103.69816428398308 -45.424567441216446 -0.3569065000914829
1651701039.7536469 103.60621424979848 -45.38289943742722 -0.3582305164827901
1651701039.8536468 103.51543480239184 -45.34242556502244 -0.35926171927303197
1651701039.953647 103.4264762812231 -45.30380924407003 -0.3598374308694096
1651701040.0536468 103.33751776005437 -45.26519292311762 -0.36041314246578726
1651701040.1536467 103.24855923888563 -45.2265766021652 -0.36098885406216497
1651701040.2536469 103.15876882036426 -45.18798880047623 -0.36141574726213255
1651701040.3536468 103.06768392290486 -45.14944537636067 -0.3616110706907444
1651701040.453647 102.97659902544547 -45.110901952245115 -0.3618063941193563
1651701040.5536468 102.88551412798607 -45.072358528129556 -0.3620017175479681
1651701040.6536467 102.79475636896174 -45.03397860263572 -0.36205675352664096
1651701040.7536469 102.70450849427986 -44.99585350928109 -0.3618931347509445
1651701040.8536468 102.61426061959799 -44.957728415926454 -0.36172951597524794
1651701040.953647 102.5240127449161 -44.919603322571824 -0.36156589719955146
1651701041.0536468 102.43334315895628 -44.88105045161018 -0.3613865285487815
1651701041.1536467 102.34201705908144 -44.84183162276168 -0.3611826407241463
1651701041.2536469 102.25069095920661 -44.80261279391319 -0.3609787528995111
1651701041.3536468 102.15936485933177 -44.763393965064694 -0.3607748650748759
1651701041.453647 102.06809431528426 -44.724057481995885 -0.3608516601918456
1651701041.5536468 101.97691020900908 -44.68453794398574 -0.3613651621202969
1651701041.6536467 101.88572610273391 -44.645018405975584 -0.36187866404874824
1651701041.7536469 101.79454199645875 -44.60549886796544 -0.36239216597719953
1651701045.0551696 99.8272285328333 -43.753365902675405 -0.3712835679226408
1651701045.1551695 99.82717346769377 -43.75334223543188 -0.371264963155948
1651701045.2551696 99.82711840255425 -43.753318568188355 -0.3712463583892551
1651701045.3551695 99.82706333741473 -43.75329490094484 -0.37122775362256233
1651701045.4551697 99.82702343926687 -43.753267887300176 -0.371169090422753
1651701045.5551696 99.82700514311053 -43.75323610745465 -0.3710533729334871
1651701045.6551695 99.82698684695418 -43.75320432760911 -0.37093765544422125
1651701045.7551696 99.82696855079784 -43.75317254776358 -0.3708219379549554
1651701045.8551695 99.82684526364227 -43.75310070647758 -0.3707351510788021
1651701045.9551697 99.82656464484327 -43.75296883211911 -0.37069171745139023
1651701046.0551696 99.82628402604429 -43.752836957760636 -0.37064828382397835
1651701046.1551695 99.82600340724531 -43.75270508340216 -0.3706048501965665
1651701046.2551696 99.82436471258595 -43.75209053673285 -0.37066441725230304
1651701046.3551695 99.82070181939125 -43.75075657179455 -0.37087750579976914
1651701046.4551697 99.81703892619655 -43.749422606856236 -0.3710905943472352
1651701046.5551696 99.81337603300184 -43.748088641917924 -0.3713036828947012
1651701046.6551695 99.8049691108037 -43.74466610996222 -0.3712459254357595
1651701046.7551696 99.78947767712836 -43.73812460951054 -0.37078369919309867
1651701046.8551695 99.77398624345304 -43.731583109058874 -0.3703214729504378
1651701046.9551697 99.7584948097777 -43.72504160860721 -0.369859246707777
1651701047.0551696 99.72172950760768 -43.709305693385595 -0.36969482797404335
1651701047.1551695 99.6531435454551 -43.679817115069085 -0.36997585861799054
1651701047.2551696 99.58455758330251 -43.650328536752575 -0.3702568892619378
1651701047.3551695 99.51597162114994 -43.620839958436065 -0.37053791990588497
1651701047.4551697 99.43876688743269 -43.58752540008784 -0.37095519206011296
1651701047.5551696 99.34870892279916 -43.548505132467746 -0.3715756420777853
1651701047.6551695 99.25865095816562 -43.50948486484764 -0.3721960920954577
1651701047.7551696 99.16859299353207 -43.47046459722755 -0.37281654211313
1651701047.8551695 99.07811510996387 -43.43129823639133 -0.373429451557761
1651701047.9551697 98.98701013159025 -43.39191370416684 -0.3740311001284617
1651701048.0551696 98.89590515321663 -43.352529171942344 -0.3746327486991624
1651701048.1551695 98.80480017484301 -43.31314463971785 -0.3752343972698631
1651701048.2551696 98.71410722682211 -43.273867119738654 -0.3755054072665989
1651701048.3551695 98.62403015764302 -43.234749555396846 -0.37528219808593655
1651701048.4551697 98.53395308846393 -43.19563199105504 -0.3750589889052741
1651701048.5551696 98.44387601928483 -43.15651442671323 -0.37483577972461174
1651701048.6551695 98.35277794173076 -43.11682192071838 -0.3745156415622079
1651701048.7551696 98.26015469898219 -43.07627057652046 -0.3740507125117813
1651701048.8551695 98.16753145623363 -43.03571923232254 -0.3735857834613546
1651701048.9551697 98.07490821348506 -42.99516788812462 -0.373120854410928
1651701049.0551696 97.981693449347 -42.954091702971354 -0.37305000484341083
1651701049.1551695 97.88759467340667 -42.91223115801792 -0.37356809579458666
1651701049.2551696 97.79349589746631 -42.87037061306448 -0.3740861867457625
1651701049.3551695 97.69939712152596 -42.82851006811104 -0.3746042776969383
1651701049.4551697 97.60528514488404 -42.78697745444674 -0.3750771827436582
1651701049.5551696 97.51115344263845 -42.745934863423024 -0.37548256719398626
1651701049.6551695 97.41702174039285 -42.7048922723993 -0.3758879516443143
1651701049.7551696 97.32289003814726 -42.663849681375574 -0.3762933360946424
1651701049.8551695 97.22875833590167 -42.62280709035185 -0.37669872054497044
1651701049.9551697 97.13462663365608 -42.58176449932813 -0.3771041049952985
1651701050.0551696 97.04049493141049 -42.540721908304405 -0.37750948944562657
1651701050.1551695 96.94636322916489 -42.49967931728068 -0.37791487389595463
1651701050.2551696 96.8519649351768 -42.45874024829893 -0.37850772410617906
1651701050.3551695 96.75716881148468 -42.41795566325929 -0.37938032584612075
1651701050.4551697 96.66237268779254 -42.37717107821966 -0.38025292758606244
1651701050.5551696 96.5675765641004 -42.33638649318002 -0.38112552932600413
1651701050.6551695 96.47308542932339 -42.295857607279366 -0.38182315343294165
1651701050.7551696 96.37904989544157 -42.2557106918401 -0.38225939110159995
1651701050.8551695 96.28501436155975 -42.21556377640083 -0.38269562877025826
1651701050.9551697 96.19097882767791 -42.175416860961555 -0.38313186643891656
1651701051.0551696 96.09688937871495 -42.135355869604375 -0.38336637382921224
1651701051.1551695 96.00271948784868 -42.09542307793743 -0.3832998973908866
1651701051.2551696 95.90854959698241 -42.05549028627049 -0.383233420952561
1651701051.3551695 95.81437970611616 -42.015557494603556 -0.38316694451423544
1651701051.4551697 95.72039546998741 -41.97559986886649 -0.38319063243297546
1651701051.5551696 95.62668682530247 -41.935605378693154 -0.38334816301943847
1651701051.6551695 95.53297818061753 -41.89561088851981 -0.38350569360590153
1651701051.7551696 95.4392695359326 -41.85561639834648 -0.38366322419236454
1651701051.8551695 95.34601569550735 -41.815722709258644 -0.38367690842395186
1651701051.9551697 95.25343419870192 -41.775978035852326 -0.3834779425387453
1651701052.0551696 95.16085270189652 -41.736233362446 -0.38327897665353877
1651701052.1551695 95.0682712050911 -41.69648868903968 -0.3830800107683322
1651701052.2551696 94.97545621080056 -41.65663238451336 -0.38279332617921596
1651701052.3551695 94.88229668824327 -41.61661136696552 -0.3823772116178535
1651701052.4551697 94.78913716568599 -41.576590349417685 -0.381961097056491
1651701052.5551696 94.6959776431287 -41.536569331869856 -0.3815449824951286
1651701052.6551695 94.60219880336494 -41.49629647066819 -0.38194269023998706
1651701052.7551696 94.5075046738542 -41.455651409385894 -0.3835431470849286
1651701052.8551695 94.41281054434347 -41.415006348103596 -0.3851436039298701
1651701052.9551697 94.31811641483273 -41.374361286821305 -0.38674406077481166
1651701053.0551696 94.2243512888518 -41.33407722415904 -0.3879820973718885
1651701053.1551695 94.13195834179938 -41.29432637227986 -0.3886848233792691
1651701053.2551696 94.03956539474693 -41.254575520400685 -0.3893875493866497
1651701053.3551695 93.94717244769448 -41.21482466852151 -0.3900902753940303
1651701053.4551697 93.85446736784709 -41.17499164860991 -0.39040479932909616
1651701053.5551696 93.76130108793953 -41.1350372191505 -0.39014572503289396
1651701053.6551695 93.66813480803198 -41.095082789691084 -0.3898866507366918
1651701053.7551696 93.57496852812442 -41.05512836023168 -0.3896275764404896
1651701053.8551695 93.48145270530833 -41.015059166236014 -0.3895860119614271
1651701053.9551697 93.38741967705852 -40.97482015949263 -0.3898662885398305
1651701054.0551696 93.2933866488087 -40.934581152749246 -0.3901465651182339
1651701054.1551695 93.1993536205589 -40.894342146005854 -0.39042684169663733
1651701054.2551696 93.10549368015653 -40.854295636377714 -0.3905132092365997
1651701054.3551695 93.01188799286031 -40.81453189061888 -0.3903147388976516
1651701054.4551697 92.9182823055641 -40.77476814486005 -0.3901162685587035
1651701054.5551696 92.82467661826789 -40.73500439910121 -0.38991779821975536
1651701054.6551695 92.7313344337891 -40.6953017268753 -0.38966113186115875
1651701054.7551696 92.63837904117091 -40.65568870357863 -0.3893190404322076
1651701054.8551695 92.5454236485527 -40.61607568028196 -0.38897694900325647
1651701054.9551697 92.4524682559345 -40.57646265698529 -0.38863485757430527
1651701055.0551696 92.35900060839556 -40.53649381018391 -0.3884904535090895
1651701055.1551695 92.26478180706097 -40.496003195478856 -0.38863593170290467
1651701055.2551696 92.17056300572638 -40.45551258077379 -0.3887814098967199
1651701055.3551695 92.07634420439179 -40.415021966068736 -0.38892688809053505
1651701055.4551697 91.98249136005192 -40.37441234042958 -0.3893289070861193
1651701055.5551696 91.8891724200606 -40.333629086587784 -0.39010520024947787
1651701055.6551695 91.79585348006928 -40.29284583274599 -0.39088149341283646
1651701055.7551696 91.70253454007796 -40.2520625789042 -0.3916577865761951
1651701055.8551695 91.60915957701879 -40.211113709646284 -0.39249194829715595
1651701055.9551697 91.51570284859578 -40.16992312558626 -0.3934105688642582
1651701056.0551696 91.42224612017277 -40.12873254152623 -0.39432918943136036
1651701056.1551695 91.32878939174975 -40.087541957466215 -0.3952478099984626
1651701056.2551696 91.23578770649861 -40.046773858740416 -0.39610196531509095
1651701056.3551695 91.14345049171617 -40.0066226883533 -0.3968619861454863
1651701056.4551697 91.05111327693373 -39.9664715179662 -0.3976220069758816
1651701056.5551696 90.9587760621513 -39.926320347579086 -0.39838202780627696
1651701056.6551695 90.86623507405736 -39.886288835709294 -0.39920962428795376
1651701056.7551696 90.77339626284247 -39.84643220971053 -0.400135985378287
1651701056.8551695 90.68055745162758 -39.80657558371176 -0.40106234646862027
1651701056.9551697 90.58771864041269 -39.766718957712996 -0.4019887075589535
1651701057.0551696 90.49560554550628 -39.727151652431566 -0.4026138278326383
1651701057.1551695 90.40455229134213 -39.68800687297772 -0.4027990140894194
1651701057.2551696 90.31349903717799 -39.64886209352386 -0.4029842003462006
1651701057.3551695 90.22244578301385 -39.60971731407001 -0.40316938660298174
1651701057.4551697 90.13049163965194 -39.57006146227135 -0.40349649741655097
1651701057.5551696 90.03721943169093 -39.529657875493804 -0.4040312538923291
1651701057.6551695 89.94394722372992 -39.48925428871625 -0.4045660103681072
1651701057.7551696 89.85067501576891 -39.44885070193871 -0.40510076684388535
1651701057.8551695 89.7575091020555 -39.40847662925943 -0.4055712280498198
1651701057.9551697 89.66449850370412 -39.36814568208283 -0.40594774209169654
1651701058.0551696 89.57148790535277 -39.327814734906234 -0.4063242561335732
1651701058.1551695 89.4784773070014 -39.287483787729634 -0.4067007701754499
1651701058.2551696 89.3854083784362 -39.247359510905554 -0.40685965219744274
1651701058.3551695 89.2922543202685 -39.2075368576106 -0.4067009127653043
1651701058.4551697 89.19910026210079 -39.16771420431565 -0.4065421733331658
1651701058.5551696 89.10594620393309 -39.127891551020696 -0.4063834339010273
1651701058.6551695 89.01265322880485 -39.08780942335601 -0.4065820930980529
1651701058.7551696 88.9191571465258 -39.04734792444862 -0.4073032962450753
1651701058.8551695 88.82566106424675 -39.00688642554124 -0.4080244993920977
1651701058.9551697 88.73216498196768 -38.966424926633856 -0.40874570253912007
1651701059.0551696 88.63921483173206 -38.926066362982425 -0.4090611374093033
1651701059.1551695 88.54706251593082 -38.88585823067624 -0.40878357557313705
1651701059.2551696 88.45491020012956 -38.84565009837006 -0.4085060137369709
1651701059.3551695 88.36275788432832 -38.80544196606388 -0.40822845190080465
1651701059.4551697 88.27065562220619 -38.7653040797852 -0.4080975471860284
1651701059.5551696 88.178626512569 -38.72526885671844 -0.4081809790204813
1651701059.6551695 88.08659740293179 -38.685233633651684 -0.40826441085493415
1651701059.7551696 87.99456829329459 -38.645198410584925 -0.408347842689387
1651701059.8551695 87.90227227207858 -38.60522310258842 -0.4083093699418649
1651701059.9551697 87.80958379501557 -38.565335891255785 -0.40809165369285316
1651701060.0551696 87.71689531795256 -38.52544867992315 -0.40787393744384143
1651701060.1551695 87.62420684088957 -38.485561468590525 -0.4076562211948297
1651701060.2551696 87.53179815910488 -38.44588140236193 -0.40781617940932535
1651701060.3551695 87.43980028053788 -38.40650547234241 -0.4085306497863723
1651701060.4551697 87.3478024019709 -38.3671295423229 -0.40924512016341924
1651701060.5551696 87.25580452340391 -38.32775361230338 -0.40995959054046616
1651701060.6551695 87.16386829873926 -38.28852681746409 -0.4105466572062387
1651701060.7551696 87.07202253016948 -38.249518827688206 -0.4109468023348966
1651701060.8551695 86.9801767615997 -38.210510837912324 -0.4113469474635545
1651701060.9551697 86.88833099302991 -38.17150284813644 -0.4117470925922124
1651701061.0551696 86.79634115925249 -38.13249418094226 -0.41228080789924093
1651701061.1551695 86.70414060497585 -38.09348452290564 -0.4130098928942834
1651701061.2551696 86.6119400506992 -38.05447486486902 -0.4137389778893259
1651701061.3551695 86.51973949642256 -38.0154652068324 -0.4144680628843684
1651701061.4551697 86.42820848328972 -37.97663282577396 -0.4147716768001858
1651701061.5551696 86.33766088068266 -37.938060826094514 -0.4144503661066803
1651701061.6551695 86.24711327807562 -37.899488826415066 -0.4141290554131748
1651701061.7551696 86.15656567546856 -37.86091682673561 -0.41380774471966925
1651701061.8551695 86.06490050423429 -37.8218198445541 -0.4137937475538587
1651701061.9551697 85.97159179690586 -37.78195080446943 -0.414231696570764
1651701062.0551696 85.87828308957742 -37.742081764384764 -0.4146696455876692
1651701062.1551695 85.78497438224899 -37.7022127243001 -0.4151075946045745
1651701062.2551696 85.69196636073934 -37.66250633086807 -0.41572970185072944
1651701062.3551695 85.59940008976913 -37.623038888667054 -0.41662236391534757
1651701062.4551697 85.50683381879894 -37.58357144646604 -0.4175150259799657
1651701062.5551696 85.41426754782873 -37.54410400426502 -0.4184076880445839
1651701062.6551695 85.32217408246818 -37.5049198323787 -0.4187536774149685
1651701062.7551696 85.23077548648804 -37.4661519750708 -0.4182962369854977
1651701062.8551695 85.1393768905079 -37.427384117762905 -0.41783879655602696
1651701062.9551697 85.04797829452777 -37.388616260455 -0.41738135612655625
1651701063.0551696 84.97608767803474 -37.35797663355083 -0.4175689883409066
1651701063.1551695 84.9328754595232 -37.33928620038848 -0.4187049325021038
1651701063.2551696 84.88966324101168 -37.32059576722613 -0.4198408766633009
1651701063.3551695 84.84645102250015 -37.301905334063775 -0.42097682082449805
1651701063.4551697 84.82280984584314 -37.291061474469615 -0.42133507779691787
1651701063.5551696 84.82791826096667 -37.29174412371634 -0.42055092296640456
1651701063.6551695 84.8330266760902 -37.29242677296307 -0.41976676813589126
1651701063.7551696 84.83813509121373 -37.29310942220979 -0.41898261330537795
1651701063.8551695 84.84096295005585 -37.29322402221167 -0.41843719901062526
1651701063.9551697 84.84044188274721 -37.292504459519776 -0.4182423677863163
1651701064.0551696 84.83992081543859 -37.29178489682789 -0.4180475365620074
1651701064.1551695 84.83939974812995 -37.291065334136 -0.4178527053376984
1651701064.2551696 84.83226293102076 -37.28762114057943 -0.4177719718366823
1651701064.3551695 84.81539874054107 -37.28017082488757 -0.4178590002959358
1651701064.4551697 84.79853455006136 -37.27272050919571 -0.4179460287551893
1651701064.5551696 84.78167035958167 -37.265270193503845 -0.41803305721444284
1651701064.6551695 84.75606809535516 -37.25353964070435 -0.4182791169805723
1651701064.7551696 84.71762931436757 -37.23552127929102 -0.4187587989494206
1651701064.8551695 84.67919053337998 -37.217502917877695 -0.4192384809182689
1651701064.9551697 84.64075175239239 -37.19948455646436 -0.41971816288711716
1651701065.0551696 84.59366657741285 -37.177550780596626 -0.4202466467067378
1651701065.1551695 84.53387838488149 -37.1498645975886 -0.42084682871261947
1651701065.2551696 84.47409019235013 -37.12217841458059 -0.42144701071850116
1651701065.3551695 84.41430199981878 -37.09449223157257 -0.42204719272438285
1651701065.4551697 84.34971338754987 -37.06479167969617 -0.4224070665744959
1651701065.5551696 84.27807448954283 -37.032132662335364 -0.4224140043781783
1651701065.6551695 84.20643559153578 -36.99947364497456 -0.4224209421818606
1651701065.7551696 84.13479669352873 -36.96681462761375 -0.422427879985543
1651701065.8551695 84.05774879918445 -36.931788526916996 -0.4223278237632213
1651701065.9551697 83.97275481757846 -36.893285061923685 -0.42207058794340957
1651701066.0551696 83.88776083597247 -36.85478159693038 -0.4218133521235978
1651701066.1551695 83.80276685436648 -36.81627813193707 -0.42155611630378603
1651701066.2551696 83.71679787198939 -36.777271812855794 -0.421307554222506
1651701066.3551695 83.62938831138491 -36.737522519335755 -0.4210718077196843
1651701066.4551697 83.54197875078043 -36.69777322581572 -0.42083606121686257
1651701066.5551696 83.45456919017595 -36.65802393229569 -0.42060031471404086
1651701066.6551695 83.36940412284969 -36.6177758532922 -0.420522798305152
1651701066.7551696 83.28756960019648 -36.576787639599495 -0.42068007538020136
1651701066.8551695 83.20573507754328 -36.53579942590679 -0.4208373524552507
1651701066.9551697 83.12390055489008 -36.49481121221408 -0.42099462953030004
1651701067.0551696 83.04376069019375 -36.45150276052473 -0.4212934338787221
1651701067.1551695 82.96615417256527 -36.404725781099906 -0.42180380758930935
1651701067.2551696 82.8885476549368 -36.35794880167507 -0.4223141812998966
1651701067.3551695 82.81094113730832 -36.31117182225024 -0.4228245550104839
1651701067.4551697 82.73492391802057 -36.2629511365919 -0.42322701232767085
1651701067.5551696 82.66127824141888 -36.21257616002973 -0.42346843736607326
1651701067.6551695 82.58763256481718 -36.16220118346755 -0.42370986240447567
1651701067.7551696 82.5139868882155 -36.11182620690538 -0.42395128744287813
1651701067.8551695 82.44135587932995 -36.060427379907644 -0.42403238948521116
1651701067.9551697 82.37024068744105 -36.00749901780443 -0.4238739842302011
1651701068.0551696 82.29912549555216 -35.95457065570122 -0.42371557897519113
1651701068.1551695 82.22801030366328 -35.90164229359801 -0.4235571737201811
1651701068.2551696 82.15753862968924 -35.84737819800749 -0.4234821207562005
1651701068.3551695 82.0880285908305 -35.79111806128685 -0.42353162452660387
1651701068.4551697 82.01851855197177 -35.73485792456621 -0.4235811282970072
1651701068.5551696 81.94900851311303 -35.67859778784557 -0.42363063206741064
1651701068.6551695 81.8802375272401 -35.621305033285665 -0.4237590926598842
1651701068.7551696 81.81256933267477 -35.562471439301476 -0.4240053701054447
1651701068.8551695 81.74490113810944 -35.503637845317286 -0.42425164755100525
1651701068.9551697 81.67723294354411 -35.444804251333096 -0.42449792499656575
1651701069.0551696 81.61028456353608 -35.384992036664265 -0.4247670357781851
1651701069.1551695 81.54441013357285 -35.32371973798153 -0.425070213476115
1651701069.2551696 81.47853570360961 -35.262447439298796 -0.4253733911740449
1651701069.3551695 81.41266127364636 -35.201175140616066 -0.4256765688719748
1651701069.4551697 81.34764124675472 -35.13908863565033 -0.4261130740999548
1651701069.5551696 81.28389510604865 -35.075788176556166 -0.42674836618197554
1651701069.6551695 81.22014896534256 -35.012487717462 -0.42738365826399627
1651701069.7551696 81.15640282463647 -34.949187258367836 -0.428018950346017
1651701069.8551695 81.09389274821257 -34.884744912953806 -0.42855470765797665
1651701069.9551697 81.0332263592002 -34.81859935399037 -0.42894200100635665
1651701070.0551696 80.97255997018783 -34.75245379502694 -0.4293292943547367
1651701070.1551695 80.91189358117546 -34.68630823606351 -0.4297165877031167
1651701070.2551696 80.85089545348865 -34.62203827929266 -0.4303759514886753
1651701070.3551695 80.78940172798926 -34.56057036043765 -0.43144177229575165
1651701070.4551697 80.72790800248985 -34.49910244158264 -0.43250759310282794
1651701070.5551696 80.66641427699045 -34.43763452272763 -0.4335734139099043
1651701070.6551695 80.60492055149105 -34.37616660387262 -0.4346392347169806
1651701070.7551696 80.54342682599165 -34.31469868501761 -0.435705055524057
1651701070.8551695 80.48193310049224 -34.253230766162595 -0.4367708763311333
1651701070.9551697 80.42043937499284 -34.19176284730759 -0.43783669713820966
1651701071.0551696 80.35593943090045 -34.14383599672863 -0.4387903358669255
1651701071.1551695 80.28695991252059 -34.11608672785174 -0.43957681178355906
1651701071.2551696 80.21798039414071 -34.088337458974834 -0.4403632877001926
1651701071.3551695 80.14900087576085 -34.06058819009794 -0.4411497636168262
1651701071.4551697 80.08212215554168 -34.03136702866734 -0.4416489091663255
1651701071.5551696 80.01837699129837 -33.999950388492664 -0.44171947199625844
1651701071.6551695 79.95463182705504 -33.96853374831799 -0.44179003482619145
1651701071.7551696 79.89088666281172 -33.937117108143305 -0.4418605976561244
1651701071.8551695 79.8278673716018 -33.90302690452185 -0.4421251907420788
1651701071.9551697 79.76592616931812 -33.86496584234394 -0.4426779635244097
1651701072.0551696 79.70398496703446 -33.82690478016603 -0.4432307363067406
1651701072.1551695 79.64204376475078 -33.78884371798813 -0.4437835090890715
1651701072.2551696 79.58026408707953 -33.751374537628955 -0.4443505161262492
1651701072.3551695 79.51872417376656 -33.714783936467875 -0.444938652246654
1651701076.2145426 77.08479904892576 -32.97088521272797 -0.4471052529074709
1651701076.3145425 77.03671826342195 -32.94278644571131 -0.44806656748615203
1651701076.4145427 76.98863747791813 -32.91468767869465 -0.44902788206483324
1651701076.5145426 76.94055669241432 -32.88658891167799 -0.4499891966435144
1651701076.6145427 76.89247698032221 -32.85848016287012 -0.45095055118882593
1651701076.7145426 76.84539757716324 -32.821069414808456 -0.45194915050901996
1651701076.8145425 76.79831817400427 -32.78365866674679 -0.45294774982921393
1651701076.9145427 76.75123877084529 -32.74624791868512 -0.4539463491494079
1651701077.0145426 76.70415713804306 -32.708845056833724 -0.4549445444592357
1651701077.1145427 76.65418423192108 -32.68166857959814 -0.45541884232648494
1651701077.2145426 76.6042113257991 -32.65449210236255 -0.45589314019373417
1651701077.3145425 76.5542384196771 -32.62731562512697 -0.4563674380609834
1651701077.4145427 76.50426551355513 -32.60013914789138 -0.45684173592823263
1651701077.5145426 76.45729966507741 -32.574965287028874 -0.4570374745504753
1651701077.6145427 76.41033546072099 -32.549792521105196 -0.4572330608692917
1651701077.7145426 76.36337125636456 -32.52461975518152 -0.4574286471881081
1651701077.8145425 76.31640705200813 -32.49944698925785 -0.45762423350692455
1651701077.9145427 76.27966682093961 -32.47908357700866 -0.45834710788623423
1651701078.0145426 76.24292962800477 -32.458721593896556 -0.45907013895331816
1651701078.1145427 76.20619243506994 -32.43835961078445 -0.4597931700204021
1651701078.2145426 76.1694552421351 -32.41799762767235 -0.46051620108748603
1651701078.3145425 76.1635511762029 -32.41499269050549 -0.4605282409619939
1651701078.4145427 76.1580366582341 -32.41220704351631 -0.46053129812219423
1651701078.5145426 76.15252214026529 -32.40942139652713 -0.4605343552823946
1651701078.6145427 76.1470076222965 -32.40663574953795 -0.460537412442595
1651701078.7145426 76.12380938949772 -32.39556928036014 -0.46056303495264717
1651701078.8145425 76.10038599256602 -32.38439737269467 -0.46058894478397105
1651701078.9145427 76.07696259563433 -32.37322546502921 -0.46061485461529494
1651701079.0145426 76.05353919870264 -32.36205355736374 -0.46064076444661883
1651701079.1145427 76.01979083969151 -32.34468427089324 -0.46107578472013283
1651701079.2145426 75.98603935834804 -32.32731311029708 -0.46151092871117355
1651701079.3145425 75.95228787700457 -32.30994194970092 -0.46194607270221427
1651701079.4145427 75.91853639566108 -32.29257078910476 -0.462381216693255
1651701079.5145426 75.88227624713441 -32.27312300499456 -0.46316295304955446
1651701079.6145427 75.8460153675008 -32.25367461568896 -0.46394479041410347
1651701079.7145426 75.8097544878672 -32.234226226383356 -0.4647266277786525
1651701079.8145425 75.7734936082336 -32.214777837077754 -0.4655084651432015
1651701079.9145427 75.7364804130332 -32.19525612769564 -0.4662306402519305
1651701080.0145426 75.6994565532568 -32.17573337895244 -0.46695196960830404
1651701080.1145427 75.66243269348038 -32.15621063020923 -0.4676732989646775
1651701080.2145426 75.62540883370397 -32.136687881466024 -0.468394628321051
1651701080.3145425 75.58810147280853 -32.11756545581138 -0.46885014411297277
1651701080.4145427 75.55078976290487 -32.098449171255616 -0.46930158223006796
1651701080.5145426 75.5134780530012 -32.07933288669985 -0.46975302034716315
1651701080.6145427 75.47616634309753 -32.06021660214408 -0.47020445846425835
1651701080.7145426 75.43869200484293 -32.04104542725881 -0.4700502495557855
1651701080.8145425 75.40121727231518 -32.02187411929844 -0.4698945723278809
1651701080.9145427 75.36374253978742 -32.00270281133807 -0.46973889509997624
1651701081.0145426 75.32626780725967 -31.983531503377698 -0.46958321787207163
1651701081.1145427 75.28966724752324 -31.964501741430748 -0.46901214107615485
1651701081.2145426 75.25306882889649 -31.945472326172165 -0.468440046842905
1651701081.3145425 75.21647041026975 -31.926442910913586 -0.46786795260965525
1651701081.4145427 75.179871991643 -31.907413495655003 -0.4672958583764054
1651701081.5145426 75.1445982204377 -31.88903043969757 -0.46729525213574896
1651701081.6145427 75.10932742207594 -31.870648834333736 -0.46729592845855705
1651701081.7145426 75.07405662371417 -31.852267228969904 -0.46729660478136514
1651701081.8145425 75.0387858253524 -31.83388562360607 -0.46729728110417323
1651701081.9145427 75.00779131035476 -31.817528954099334 -0.4673170280924227
1651701082.0145426 74.97680178266575 -31.801174646218154 -0.46733679732225125
1651701082.1145427 74.94581225497673 -31.784820338336978 -0.4673565665520798
1651701082.2145426 74.91482272728771 -31.768466030455798 -0.46737633578190835
1651701082.3145425 74.88669335194538 -31.753953435580637 -0.46719195612040737
1651701082.4145427 74.85857401538513 -31.73944730489106 -0.46700685992146834
1651701082.5145426 74.83045467882489 -31.724941174201476 -0.46682176372252926
1651701082.6145427 74.80233534226464 -31.710435043511893 -0.4666366675235902
1651701082.7145426 74.77479841477702 -31.696193966538495 -0.46634578068651816
1651701082.8145425 74.74726323014765 -31.681953682737923 -0.46605457727112753
1651701082.9145427 74.71972804551827 -31.667713398937355 -0.46576337385573685
1651701083.0145426 74.6921928608889 -31.653473115136784 -0.4654721704403462
1651701083.1145427 74.6631991034551 -31.6384811357019 -0.4654013965746067
1651701083.2145426 74.63419723403086 -31.623484975640736 -0.46533184864862914
1651701083.3145425 74.60519536460663 -31.608488815579573 -0.4652623007226515
1651701083.4145427 74.57619349518241 -31.59349265551841 -0.46519275279667394
1651701083.5145426 74.54276061085949 -31.580026378645876 -0.46540909001428954
1651701083.6145427 74.50929706724877 -31.56657068741344 -0.4656274053419086
1651701083.7145426 74.47583352363804 -31.553114996181 -0.46584572066952773
1651701083.8145425 74.44236998002732 -31.539659304948565 -0.4660640359971468
1651701083.9145427 74.4089064364166 -31.526203613716127 -0.4662823513247659
1651701084.0145426 74.37544289280588 -31.51274792248369 -0.466500666652385
1651701084.1145427 74.34197934919516 -31.499292231251253 -0.4667189819800041
1651701084.2145426 74.30851580558443 -31.485836540018816 -0.4669372973076232
1651701084.3145425 74.27505226197371 -31.472380848786383 -0.4671556126352423
1651701084.4145427 74.241588718363 -31.458925157553946 -0.46737392796286137
1651701084.5145426 74.20812517475228 -31.44546946632151 -0.4675922432904805
1651701084.6145427 74.174712393014 -31.432107815260917 -0.467839009375713
1651701084.7145426 74.1438410224423 -31.423454318791194 -0.4695101727418314
1651701084.8145425 74.11296965187061 -31.414800822321475 -0.4711813361079497
1651701084.9145427 74.08209828129891 -31.40614732585175 -0.4728524994740681
1651701085.0145426 74.05180169365214 -31.39764088953694 -0.47447677107077163
1651701085.1145427 74.05024755143185 -31.39648830507402 -0.4737561850440285
1651701085.2145426 74.04869340921157 -31.395335720611097 -0.47303559901728537
1651701085.3145425 74.04713926699128 -31.394183136148175 -0.47231501299054224
1651701085.4145427 74.04561813788185 -31.39304919796383 -0.4716056123644801
1651701085.5145426 74.04575451457228 -31.39285144283186 -0.4714578027555558
1651701085.6145427 74.0458908912627 -31.392653687699887 -0.47130999314663147
1651701085.7145426 74.04602726795314 -31.392455932567916 -0.4711621835377071
1651701085.8145425 74.04616359210146 -31.392262519386062 -0.4710181774411658
1651701085.9145427 74.04629729248778 -31.392285927408153 -0.47106410492549183
1651701086.0145426 74.0464309928741 -31.392309335430248 -0.4711100324098179
1651701086.1145427 74.0465646932604 -31.392332743452343 -0.47115595989414394
1651701086.2145426 74.04669152152466 -31.39235307676015 -0.4711995674204089
1651701086.3145425 74.04647435436364 -31.392219500163506 -0.47112704561224206
1651701086.4145427 74.04625718720261 -31.39208592356686 -0.4710545238040752
1651701086.5145426 74.0460400200416 -31.391952346970214 -0.47098200199590834
1651701086.6145427 74.04582588347166 -31.391821257639823 -0.4709108252817315
1651701086.7145426 74.04576349336448 -31.39181470964314 -0.4709069995394202
1651701086.8145425 74.04570110325729 -31.391808161646455 -0.4709031737971089
1651701086.9145427 74.04563871315008 -31.391801613649772 -0.47089934805479755
1651701087.0145426 74.04557872318952 -31.391795405003652 -0.4708953455369613
1651701087.1145427 74.04563168445014 -31.391805166240506 -0.4708830239392597
1651701087.2145426 74.04568464571076 -31.39181492747736 -0.47087070234155803
1651701087.3145425 74.04573760697137 -31.391824688714216 -0.47085838074385644
1651701087.4145427 74.04578952002575 -31.391833624162548 -0.4708460906640763
1651701087.5145426 74.04579158885161 -31.391803291774213 -0.47083529932224677
1651701087.6145427 74.04579365767749 -31.391772959385875 -0.47082450798041725
1651701087.7145426 74.04579572650336 -31.391742626997537 -0.47081371663858773
1651701087.8145425 74.04579845566977 -31.391712884976542 -0.4708025759746012
1651701087.9145427 74.04583407834559 -31.39171255089336 -0.47077403454408034
1651701088.0145426 74.04586970102142 -31.391712216810173 -0.4707454931135595
1651701088.1145427 74.04590532369723 -31.39171188272699 -0.4707169516830387
1651701088.2145426 74.04593998208858 -31.391711294090708 -0.4706900343851884
1651701088.3145425 74.04592628758085 -31.391697941191847 -0.4707445572902243
1651701088.4145427 74.04591259307314 -31.391684588292986 -0.4707990801952602
1651701088.5145426 74.04589889856541 -31.391671235394124 -0.47085360310029606
1651701088.6145427 74.0458814947948 -31.391656931213152 -0.4709076003089526
1651701088.7145426 74.04567937192448 -31.391595253745244 -0.47093541814862133
1651701088.8145425 74.04547724905414 -31.391533576277336 -0.47096323598829004
1651701088.9145427 74.04527512618382 -31.39147189880943 -0.47099105382795875
1651701089.0145426 74.04507694776574 -31.391411361313473 -0.47101871569510867
1651701089.1145427 74.0450756482772 -31.39140772308852 -0.4710385925263078
1651701089.2145426 74.04507434878867 -31.391404084863566 -0.471058469357507
1651701089.3145425 74.04507304930014 -31.391400446638613 -0.47107834618870614
1651701089.4145427 74.04507261705795 -31.39139766056207 -0.4710976845900093
1651701089.5145426 74.04511552737968 -31.39143746249704 -0.4710901137600165
1651701089.6145427 74.0451584377014 -31.391477264432016 -0.4710825429300237
1651701089.7145426 74.04520134802313 -31.391517066366987 -0.47107497210003096
1651701089.8145425 74.04524222881072 -31.391556194195264 -0.4710671928296543
1651701089.9145427 74.04518046544237 -31.391561228922527 -0.47104887163893044
1651701090.0145426 74.04511870207402 -31.39156626364979 -0.4710305504482066
1651701090.1145427 74.04505693870567 -31.391571298377052 -0.47101222925748276
1651701090.2145426 74.04499661872178 -31.391576354603973 -0.4709935848829663
1651701090.3145425 74.04500782140342 -31.391582476183217 -0.47095892608739137
1651701090.4145427 74.04501902408506 -31.391588597762457 -0.4709242672918165
1651701090.5145426 74.0450302267667 -31.3915947193417 -0.4708896084962416
1651701090.6145427 74.04503930173061 -31.3916003815406 -0.47085562679028903
1651701090.7145426 74.04494333914252 -31.391583365831476 -0.4708550704937838
1651701090.8145425 74.04484737655444 -31.391566350122353 -0.47085451419727853
1651701090.9145427 74.04475141396637 -31.39154933441323 -0.4708539579007732
1651701091.0145426 74.04466376517428 -31.39153554763469 -0.4708537260748217
1651701091.1145427 74.04499206027282 -31.391683306069805 -0.4708697276932224
1651701091.2145426 74.04532035537135 -31.391831064504917 -0.4708857293116231
1651701091.3145425 74.04564865046989 -31.391978822940033 -0.47090173093002374
1651701091.4145427 74.04597352849264 -31.392125275009498 -0.4709174739753223
1651701091.5145426 74.04612893335712 -31.39220693661879 -0.47092039283904585
1651701091.6145427 74.04628433822162 -31.392288598228088 -0.4709233117027694
1651701091.7145426 74.04643974308613 -31.39237025983738 -0.470926230566493
1651701091.8145425 74.04659099183918 -31.392449560029466 -0.47092913961499205
1651701091.9145427 74.04652760519215 -31.3924069087932 -0.4709315417726948
1651701092.0145426 74.04646421854513 -31.39236425755693 -0.47093394393039756
1651701092.1145427 74.0464008318981 -31.392321606320664 -0.4709363460881003
1651701092.2145426 74.04633954950626 -31.392280279238175 -0.4709387392317033
1651701092.3145425 74.04638976674607 -31.392309116011894 -0.4709406547389393
1651701092.4145427 74.0464399839859 -31.392337952785617 -0.4709425702461753
1651701092.5145426 74.04649020122572 -31.392366789559336 -0.4709444857534113
1651701092.6145427 74.04653953545986 -31.39239522022853 -0.4709463488140196
1651701092.7145426 74.04654204809974 -31.392402117105167 -0.4709454308792908
1651701092.8145425 74.04654456073962 -31.392409013981805 -0.470944512944562
1651701092.9145427 74.0465470733795 -31.392415910858443 -0.47094359500983324
1651701093.0145426 74.04654594846292 -31.392421240294563 -0.47094253751371556
1651701093.1145427 74.04635104103498 -31.392343067917963 -0.4709340452034286
1651701093.2145426 74.04615613360704 -31.392264895541363 -0.4709255528931416
1651701093.3145425 74.0459612261791 -31.392186723164762 -0.4709170605828546
1651701093.4145427 74.04577033240714 -31.39211059570022 -0.4709086882172429
1651701093.5145426 74.04579200707731 -31.39214276943874 -0.47090666827768274
1651701093.6145427 74.04581368174748 -31.392174943177253 -0.4709046483381226
1651701093.7145426 74.04583535641763 -31.392207116915767 -0.47090262839856245
1651701093.8145425 74.0458555361038 -31.392238150503612 -0.4709005623963452
1651701093.9145427 74.0457971942189 -31.39220929955585 -0.47089607702895037
1651701094.0145426 74.04573885233401 -31.39218044860809 -0.4708915916615556
1651701094.1145427 74.04568051044912 -31.39215159766033 -0.47088710629416075
1651701094.2145426 74.04562380417167 -31.39212344016215 -0.47088277310723076
1651701094.3145425 74.04565287608428 -31.39213165010053 -0.470886420909214
1651701094.4145427 74.0456819479969 -31.39213986003891 -0.4708900687111972
1651701094.5145426 74.0457110199095 -31.392148069977292 -0.47089371651318046
1651701094.6145427 74.04573855958495 -31.39215607561077 -0.4708972725191964
1651701094.7145426 74.04568028414914 -31.392152638859088 -0.4708956873621566
1651701094.8145425 74.04562200871335 -31.3921492021074 -0.47089410220511674
1651701094.9145427 74.04556373327755 -31.392145765355718 -0.4708925170480769
1651701095.0145426 74.04550929136043 -31.39214328463832 -0.47089084272484055
1651701095.1145427 74.04566721211057 -31.392193764662046 -0.4708842289261768
1651701095.2145426 74.04582513286073 -31.392244244685774 -0.4708776151275131
1651701095.3145425 74.04598305361088 -31.392294724709497 -0.47087100132884935
1651701095.4145427 74.04589871863948 -31.392249123031277 -0.47085805410175474
1651701095.5145426 74.03336624943925 -31.38726643291165 -0.4705196682566246
1651701095.6145427 74.02083378023904 -31.38228374279203 -0.4701812824114947
1651701095.7145426 74.00830131103884 -31.377301052672408 -0.46984289656636474
1651701095.8145425 73.99530847780917 -31.37214743443063 -0.46951339488838817
1651701095.9145427 73.95955236419348 -31.358542059488638 -0.4696231820665625
1651701096.0145426 73.92379625057781 -31.344936684546656 -0.4697329692447368
1651701096.1145427 73.88804013696215 -31.33133130960467 -0.46984275642291107
1651701096.2145426 73.85213507050794 -31.317679092593124 -0.46995192441653194
1651701096.3145425 73.80872266416199 -31.301665998535647 -0.47002988502300264
1651701096.4145427 73.76531025781608 -31.285652904478177 -0.4701078456294733
1651701096.5145426 73.72189785147016 -31.269639810420706 -0.4701858062359439
1651701096.6145427 73.6784426655603 -31.253619391703825 -0.4702626056120929
1651701096.7145426 73.63285602932119 -31.237234028928018 -0.4702815478124098
1651701096.8145425 73.5872693930821 -31.22084866615222 -0.4703004900127267
1651701096.9145427 73.54168275684302 -31.204463303376425 -0.4703194322130436
1651701097.0145426 73.4961293353085 -31.188091757755945 -0.47032878811058093
1651701097.1145427 73.45213371535982 -31.17236825000727 -0.4698885371892639
1651701097.2145426 73.40813809541118 -31.156644742258603 -0.46944828626794705
1651701097.3145425 73.36414247546251 -31.140921234509936 -0.4690080353466302
1651701097.4145427 73.32025645530327 -31.12524492274424 -0.46857410142000994
1651701097.5145426 73.2816494839622 -31.11184188084087 -0.46844443562717397
1651701097.6145427 73.24304251262116 -31.098438838937504 -0.4683147698343381
1651701097.7145426 73.20443554128012 -31.08503579703414 -0.4681851040415022
1651701097.8145425 73.16582856993907 -31.071632755130768 -0.46805543824866624
1651701097.9145427 73.127221598598 -31.058229713227398 -0.46792577245583034
1651701098.0145426 73.08861462725696 -31.04482667132403 -0.4677961066629944
1651701098.1145427 73.05000765591592 -31.03142362942067 -0.4676664408701585
1651701098.2145426 73.01140068457487 -31.018020587517295 -0.4675367750773226
1651701098.3145425 72.9727937132338 -31.004617545613925 -0.46740710928448664
1651701098.4145427 72.93418674189276 -30.99121450371056 -0.46727744349165073
1651701098.5145426 72.89557977055172 -30.977811461807196 -0.4671477776988149
1651701098.6145427 72.85704272955486 -30.964439711551957 -0.4670227725992673
1651701098.7145426 72.82412931211341 -30.953584357455778 -0.4672725688089616
1651701098.8145425 72.79121589467199 -30.942729003359606 -0.4675223650186558
1651701098.9145427 72.75830247723057 -30.931873649263434 -0.46777216122834997
1651701099.0145426 72.72541064188744 -30.92101951855725 -0.46802817088739573
1651701099.1145427 72.69425588704688 -30.910263854963887 -0.4687842830649146
1651701099.2145426 72.66310113220634 -30.899508191370526 -0.469540395242433
1651701099.3145425 72.6319463773658 -30.888752527777168 -0.47029650741995144
1651701099.4145427 72.60082166170304 -30.878002789476295 -0.4710474727939243
1651701099.5145426 72.57213649492437 -30.867734257444738 -0.4713804547287143
1651701099.6145427 72.54345132814571 -30.857465725413185 -0.4717134366635041
1651701099.7145426 72.51476616136705 -30.847197193381636 -0.47204641859829394
1651701099.8145425 72.48610659364248 -30.836929829878468 -0.47237747455136087
