1653339793.327755 -2.243504395462415 0.839172852079848 -0.8327633742530344
1653339793.4277549 -2.2434491578320372 0.839152250940746 -0.832742623963192
1653339793.527755 -2.2433939202016595 0.8391316498016439 -0.8327218736733496
1653339793.627755 -2.2433386825712818 0.8391110486625418 -0.8327011233835072
1653339793.727755 -2.243283444940904 0.8390904475234399 -0.8326803730936648
1653339793.827755 -2.243292294231986 0.839093888508136 -0.832683610110337
1653339793.9277549 -2.243301143889778 0.8390973296304033 -0.8326868472642663
1653339794.027755 -2.2433099935475704 0.8391007707526704 -0.8326900844181957
1653339794.127755 -2.2433200543450935 0.8391046592657494 -0.8326937738783251
1653339794.227755 -2.2434281360746633 0.8391447563708117 -0.8327340697465776
1653339794.327755 -2.2435362178042335 0.839184853475874 -0.8327743656148301
1653339794.4277549 -2.2436442995338033 0.8392249505809364 -0.8328146614830827
1653339794.527755 -2.243752381263373 0.8392650476859986 -0.8328549573513352
1653339794.627755 -2.2438605316768894 0.8393059326194773 -0.8328954244399619
1653339794.727755 -2.243968682107309 0.8393468177468472 -0.8329358915707276
1653339794.827755 -2.244076832537729 0.8393877028742169 -0.8329763587014931
1653339794.9277549 -2.244184982968149 0.8394285880015868 -0.8330168258322587
1653339795.027755 -2.2444458296671 0.8395256945278169 -0.833114621282966
1653339795.127755 -2.2447067246551793 0.8396228188336715 -0.8332124348633541
1653339795.227755 -2.244967619643259 0.8397199431395261 -0.8333102484437421
1653339795.327755 -2.245228306550682 0.8398169900596778 -0.8334079838747545
1653339795.4277549 -2.2451797144722097 0.8397990153713496 -0.8333895626186087
1653339795.527755 -2.245131122393737 0.8397810406830214 -0.8333711413624629
1653339795.627755 -2.245082530315264 0.8397630659946932 -0.8333527201063172
1653339795.727755 -2.2450339382367916 0.839745091306365 -0.8333342988501714
1653339795.827755 -2.245089231259234 0.8397653614735359 -0.8333551522684363
1653339795.9277549 -2.2451445498982463 0.8397856410713372 -0.8333760153712703
1653339796.027755 -2.245199868537259 0.8398059206691387 -0.8333968784741044
1653339796.127755 -2.245255187176271 0.8398262002669402 -0.8334177415769384
1653339796.227755 -2.245255855643964 0.8398243598624272 -0.8334178083674502
1653339796.327755 -2.245256520098241 0.8398225178334585 -0.8334178736307158
1653339796.4277549 -2.2452571845525173 0.8398206758044897 -0.8334179388939815
1653339796.527755 -2.245257849006794 0.839818833775521 -0.8334180041572471
1653339796.627755 -2.2452619483201013 0.839819663446219 -0.8334213286674922
1653339796.727755 -2.2452660477497015 0.8398204932073715 -0.8334246532880841
1653339796.827755 -2.2452701471793017 0.8398213229685241 -0.8334279779086761
1653339796.9277549 -2.2452742537041392 0.8398221553958796 -0.83343130551955
1653339797.027755 -2.2453132004200183 0.8398360798477017 -0.8334493165004522
1653339797.127755 -2.245352147135897 0.839850004299524 -0.8334673274813543
1653339797.227755 -2.2453910938517754 0.8398639287513461 -0.8334853384622564
1653339797.327755 -2.2454300405676544 0.8398778532031682 -0.8335033494431585
1653339797.4277549 -2.245811515463787 0.8398515351067537 -0.8336362487240879
1653339797.527755 -2.2461931725699293 0.8398251956030637 -0.8337692091205675
1653339797.627755 -2.2465748296760712 0.8397988560993738 -0.8339021695170471
1653339797.727755 -2.246968007054983 0.8397738127804293 -0.8340377788390737
1653339797.827755 -2.257279694198237 0.8408647344487488 -0.8364540107147653
1653339797.9277549 -2.267591381341491 0.8419556561170682 -0.8388702425904568
1653339798.027755 -2.277903068484745 0.8430465777853877 -0.8412864744661483
1653339798.127755 -2.2882241469776434 0.8440476701515539 -0.8436358514889307
1653339798.227755 -2.298880569688072 0.8418411578406089 -0.8435979903417786
1653339798.327755 -2.3095369923985007 0.8396346455296638 -0.8435601291946266
1653339798.4277549 -2.3201934151089296 0.8374281332187188 -0.8435222680474745
1653339798.527755 -2.331041917597592 0.8352113729529246 -0.8434943999018206
1653339798.627755 -2.3487872550462057 0.8326266486363503 -0.8438253414274456
1653339798.727755 -2.366532592494819 0.8300419243197759 -0.8441562829530705
1653339798.827755 -2.3842779299434325 0.8274572000032016 -0.8444872244786955
1653339798.9277549 -2.402129773391181 0.824872530380801 -0.844829579143233
1653339799.027755 -2.4237798566371214 0.8222898112737627 -0.8455789516170193
1653339799.127755 -2.445429939883062 0.8197070921667244 -0.8463283240908056
1653339799.227755 -2.467080023129002 0.8171243730596862 -0.847077696564592
1653339799.327755 -2.4911148090443773 0.8137986602446178 -0.8477169374944968
1653339799.4277549 -2.5728163328836624 0.792505917833263 -0.8456929839894841
1653339799.527755 -2.654517856722946 0.7712131754219083 -0.8436690304844716
1653339799.627755 -2.736219380562231 0.7499204330105533 -0.8416450769794589
1653339799.727755 -2.8166761247761714 0.7291826074292106 -0.8397532353353708
1653339799.827755 -2.85293669190939 0.7281472271522011 -0.8425520546572927
1653339799.9277549 -2.889197259042609 0.7271118468751918 -0.8453508739792145
1653339800.027755 -2.9254578261758275 0.7260764665981824 -0.8481496933011363
1653339800.127755 -2.9617183933090465 0.7250410863211729 -0.8509485126230582
1653339800.227755 -3.087170920489674 0.7062427980618896 -0.8494005254613333
1653339800.327755 -3.2129448100726092 0.6873805092942856 -0.8478368765721028
1653339800.4277549 -3.3387186996555456 0.6685182205266813 -0.8462732276828724
1653339800.527755 -3.46373987707452 0.6497808600800874 -0.8447302664612075
1653339800.627755 -3.5552711188760093 0.636601854643213 -0.8441077482561686
1653339800.727755 -3.6468023606775 0.6234228492063383 -0.8434852300511296
1653339800.827755 -3.7383336024789893 0.6102438437694638 -0.8428627118460907
1653339800.9277549 -3.829937545241602 0.5970536770149917 -0.8422261828276811
1653339801.027755 -3.92984966688154 0.5825880082358499 -0.8399885148160207
1653339801.127755 -4.0297617885214745 0.5681223394567085 -0.8377508468043602
1653339801.227755 -4.129673910161413 0.5536566706775667 -0.8355131787926997
1653339801.327755 -4.229578207310632 0.5391699044500973 -0.8333208848396155
1653339801.4277549 -4.3291162034066 0.5236954678653059 -0.8332527630589489
1653339801.527755 -4.428654199502568 0.5082210312805144 -0.8331846412782822
1653339801.627755 -4.528192195598537 0.4927465946957227 -0.8331165194976154
1653339801.727755 -4.62773074562401 0.4772815760533435 -0.8330738352196144
1653339801.827755 -4.72729499840167 0.46225355713384814 -0.8342114704985978
1653339801.9277549 -4.826859251179331 0.4472255382143528 -0.8353491057775811
1653339802.027755 -4.9264235039569915 0.43219751929485745 -0.8364867410565645
1653339802.127755 -5.025943400173663 0.4171594043252617 -0.83762573902994
1653339802.227755 -5.123383173652174 0.40164783012188304 -0.8388286412268807
1653339802.327755 -5.220822947130683 0.38613625591850465 -0.8400315434238214
1653339802.4277549 -5.318262720609193 0.37062468171512625 -0.8412344456207621
1653339802.527755 -5.415717654083127 0.3550971186133343 -0.8424256185579538
1653339802.627755 -5.514881175920169 0.33776754667162573 -0.8422948599144431
1653339802.727755 -5.614044697757214 0.32043797472991686 -0.8421641012709323
1653339802.827755 -5.713208219594256 0.3031084027882083 -0.8420333426274216
1653339802.9277549 -5.81235781664611 0.28578180967324307 -0.8418952959059071
1653339803.027755 -5.9099152230334 0.2687958221811283 -0.840923914263723
1653339803.127755 -6.007472629420688 0.25180983468901347 -0.839952532621539
1653339803.227755 -6.105030035807979 0.23482384719689836 -0.838981150979355
1653339803.327755 -6.2025992606345906 0.21784796981323712 -0.8380117298589101
1653339803.4277549 -6.301545964312323 0.2020504595724473 -0.8372708141408346
1653339803.527755 -6.400492667990057 0.18625294933165748 -0.8365298984227592
1653339803.627755 -6.49943937166779 0.17045543909086766 -0.8357889827046836
1653339803.727755 -6.598397434110251 0.15467530040952335 -0.8350431095705116
1653339803.827755 -6.697881640747587 0.13969982186318902 -0.8340676062112597
1653339803.9277549 -6.797365847384922 0.12472434331685468 -0.833092102852008
1653339804.027755 -6.896850054022258 0.10974886477052034 -0.8321165994927561
1653339804.127755 -6.996338142973543 0.09479586550056232 -0.8311447152309634
1653339804.227755 -7.096339420769454 0.08281431934412388 -0.830651226191215
1653339804.327755 -7.196340698565367 0.07083277318768522 -0.8301577371514666
1653339804.4277549 -7.296341976361277 0.05885122703124678 -0.8296642481117181
1653339804.527755 -7.396338692609236 0.046872180365802395 -0.829174249293719
1653339804.627755 -7.495745755894257 0.03521623285134039 -0.8291354174079452
1653339804.727755 -7.595152819179279 0.023560285336878373 -0.8290965855221712
1653339804.827755 -7.694559882464302 0.01190433782241615 -0.8290577536363974
1653339804.9277549 -7.793963262593189 0.00024611476794372334 -0.8290192659754236
1653339805.027755 -7.892938375411049 -0.01167670184862864 -0.8290208038317252
1653339805.127755 -7.991913488228909 -0.023599518465201006 -0.8290223416880267
1653339805.227755 -8.09088860104677 -0.035522335081773375 -0.8290238795443281
1653339805.327755 -8.189872747919836 -0.04743773425998565 -0.8290234953492885
1653339805.4277549 -8.289276546945203 -0.05900857676881419 -0.8289338275530478
1653339805.527755 -8.38868034597057 -0.07057941927764252 -0.828844159756807
1653339805.627755 -8.488084144995938 -0.08215026178647085 -0.8287544919605663
1653339805.727755 -8.587490040357126 -0.09372682615656525 -0.8286605316367162
1653339805.827755 -8.687128335587953 -0.1059377162863604 -0.8280907015372412
1653339805.9277549 -8.786766630818784 -0.11814860641615577 -0.8275208714377662
1653339806.027755 -8.886404926049613 -0.13035949654595091 -0.8269510413382912
1653339806.127755 -8.986046630712037 -0.1425777002416237 -0.8263818550968159
1653339806.227755 -9.086029160514743 -0.1555270073618102 -0.8258770323678014
1653339806.327755 -9.186011690317448 -0.16847631448199668 -0.8253722096387868
1653339806.4277549 -9.285994220120156 -0.18142562160218342 -0.8248673869097721
1653339806.527755 -9.385962626968022 -0.19438691911694708 -0.8243604530040096
1653339806.627755 -9.484547686591128 -0.2085226790052931 -0.8236467287679987
1653339806.727755 -9.583132746214234 -0.2226584388936391 -0.8229330045319879
1653339806.827755 -9.68171780583734 -0.2367941987819851 -0.822219280295977
1653339806.9277549 -9.780294411604567 -0.25092386654523996 -0.8215098660489499
1653339807.027755 -9.878034910405784 -0.2644510082781134 -0.8212267202245914
1653339807.127755 -9.975775409207001 -0.2779781500109868 -0.8209435744002328
1653339807.227755 -10.073515908008218 -0.29150529174386025 -0.8206604285758742
1653339807.327755 -10.171276123004311 -0.30501201344300094 -0.8203715043027647
1653339807.4277549 -10.271063038906087 -0.3164196840260229 -0.8194885918189262
1653339807.527755 -10.370849954807863 -0.327827354609045 -0.8186056793350878
1653339807.627755 -10.470636870709638 -0.3392350251920669 -0.8177227668512492
1653339807.727755 -10.570427828823076 -0.35063831032079085 -0.8168447547953984
1653339807.827755 -10.670637692001847 -0.3615871192437887 -0.816474587028186
1653339807.9277549 -10.770847555180618 -0.37253592816678666 -0.8161044192609735
1653339808.027755 -10.87105741835939 -0.3834847370897847 -0.8157342514937611
1653339808.127755 -10.971260995426864 -0.3944417775172661 -0.8153681238359914
1653339808.227755 -11.070724204160886 -0.40636831163796566 -0.8154778339345552
1653339808.327755 -11.170187412894908 -0.41829484575866516 -0.8155875440331188
1653339808.4277549 -11.269650621628928 -0.4302213798793647 -0.8156972541316825
1653339808.527755 -11.369122496069593 -0.4421299151531204 -0.8157930976398522
1653339808.627755 -11.469001817456887 -0.4531921749260131 -0.8152369573977571
1653339808.727755 -11.568881138844176 -0.46425443469890565 -0.8146808171556621
1653339808.827755 -11.668760460231468 -0.4753166944717982 -0.8141246769135672
1653339808.9277549 -11.768629670653166 -0.48637832608757786 -0.8135756826028286
1653339809.027755 -11.867360458202752 -0.4973692316764348 -0.8138312693803571
1653339809.127755 -11.96609124575234 -0.5083601372652921 -0.8140868561578857
1653339809.227755 -12.064822033301928 -0.5193510428541492 -0.8143424429354141
1653339809.327755 -12.163578176852425 -0.5303347450465997 -0.8145731403973682
1653339809.4277549 -12.263505799604062 -0.5409856412458491 -0.8136539201090432
1653339809.527755 -12.363433422355692 -0.5516365374450981 -0.8127346998207182
1653339809.627755 -12.463361045107327 -0.5622874336443475 -0.8118154795323933
1653339809.727755 -12.563310155278876 -0.5729563000010043 -0.8108858568156516
1653339809.827755 -12.664280092596972 -0.5844788949384444 -0.8094620341735884
1653339809.9277549 -12.76525002991507 -0.5960014898758845 -0.8080382115315252
1653339810.027755 -12.866219967233164 -0.6075240848133242 -0.806614388889462
1653339810.127755 -12.967123713002275 -0.6190708955988592 -0.805214093416568
1653339810.227755 -13.06469726316714 -0.6318360418382978 -0.8049974849331433
1653339810.327755 -13.162270813332011 -0.6446011880777368 -0.8047808764497184
1653339810.4277549 -13.259844363496882 -0.657366334317176 -0.8045642679662937
1653339810.527755 -13.357425273608236 -0.6701325144786308 -0.8043502955427607
1653339810.627755 -13.455991806692328 -0.6830371545178799 -0.8044893367167184
1653339810.727755 -13.554558339776417 -0.6959417945571286 -0.8046283778906761
1653339810.827755 -13.65312487286051 -0.7088464345963776 -0.8047674190646338
1653339810.9277549 -13.751700286952962 -0.7217476437605103 -0.804881008813206
1653339811.027755 -13.850721616492768 -0.734476588678363 -0.8037166824434521
1653339811.127755 -13.949742946032574 -0.7472055335962156 -0.8025523560736982
1653339811.227755 -14.048764275572376 -0.7599344785140677 -0.8013880297039444
1653339811.327755 -14.14778520508933 -0.7726598787973763 -0.8002252152195525
1653339811.4277549 -14.246752428939095 -0.7849093888604557 -0.7992653811690866
1653339811.527755 -14.345719652788864 -0.7971588989235354 -0.7983055471186208
1653339811.627755 -14.444686876638631 -0.8094084089866153 -0.7973457130681549
1653339811.727755 -14.543655413329994 -0.8216585120487168 -0.7963888306620325
1653339811.827755 -14.642798248123839 -0.8339873440333013 -0.7958238203670305
1653339811.9277549 -14.74194108291768 -0.8463161760178854 -0.7952588100720286
1653339812.027755 -14.841083917711526 -0.85864500800247 -0.7946937997770266
1653339812.127755 -14.94025075039984 -0.8709976682463689 -0.7941076746875558
1653339812.227755 -15.040606991317256 -0.8845313290880702 -0.7924750365246366
1653339812.327755 -15.140963232234675 -0.8980649899297718 -0.7908423983617173
1653339812.4277549 -15.241319473152092 -0.911598650771473 -0.7892097601987981
1653339812.527755 -15.341666217203906 -0.9251311093648577 -0.7875826208272266
1653339812.627755 -15.4407910762308 -0.9385088843735861 -0.7866629665441679
1653339812.727755 -15.53991593525769 -0.9518866593823143 -0.785743312261109
1653339812.827755 -15.639040794284584 -0.9652644343910428 -0.7848236579780502
1653339812.9277549 -15.738177038075714 -0.9786316976967875 -0.7839056868833802
1653339813.027755 -15.838587465759586 -0.9908224902084669 -0.7831760983927026
1653339813.127755 -15.938997893443457 -1.0030132827201463 -0.7824465099020251
1653339813.227755 -16.039408321127326 -1.0152040752318254 -0.7817169214113475
1653339813.327755 -16.13981353801953 -1.0273992263857152 -0.7809920809555314
1653339813.4277549 -16.23967386139149 -1.0400501616222357 -0.7807637434492822
1653339813.527755 -16.33953418476345 -1.0527010968587567 -0.7805354059430332
1653339813.627755 -16.43939450813541 -1.0653520320952776 -0.780307068436784
1653339813.727755 -16.53923056442203 -1.0780112135892717 -0.780080967180677
1653339813.827755 -16.63657373641662 -1.091517508176515 -0.7800845891391643
1653339813.9277549 -16.7339169084112 -1.1050238027637578 -0.7800882110976516
1653339814.027755 -16.831260080405787 -1.118530097351001 -0.7800918330561389
1653339814.127755 -16.92862020255671 -1.132042752976697 -0.7800839297395249
1653339814.227755 -17.027949687373415 -1.1462944691393255 -0.7787369563845745
1653339814.327755 -17.127279172190125 -1.1605461853019547 -0.7773899830296241
1653339814.4277549 -17.22660865700683 -1.1747979014645833 -0.7760430096746738
1653339814.527755 -17.325929439713004 -1.189046020398036 -0.7746980942707616
1653339814.627755 -17.424235618007856 -1.2028747279051883 -0.7735931213720127
1653339814.727755 -17.52254179630271 -1.2167034354123414 -0.7724881484732639
1653339814.827755 -17.62084797459757 -1.2305321429194942 -0.771383175574515
1653339814.9277549 -17.719204704599203 -1.2443608105604502 -0.7702694849566274
1653339815.027755 -17.81995660262051 -1.258187589318816 -0.7687427439510353
1653339815.127755 -17.920708500641815 -1.2720143680771812 -0.7672160029454432
1653339815.227755 -18.021460398663123 -1.285841146835547 -0.7656892619398511
1653339815.327755 -18.122194768308464 -1.2996661096748483 -0.7641770905706516
1653339815.4277549 -18.220493568651236 -1.3132387504086507 -0.7646893713935736
1653339815.527755 -18.31879236899401 -1.3268113911424537 -0.7652016522164955
1653339815.627755 -18.417091169336782 -1.340384031876256 -0.7657139330394174
1653339815.727755 -18.515391162603265 -1.3539622644407547 -0.7662187867002561
1653339815.827755 -18.613856768009395 -1.3683168040228804 -0.7656925365312413
1653339815.9277549 -18.712322373415525 -1.3826713436050053 -0.7651662863622264
1653339816.027755 -18.810787978821654 -1.3970258831871307 -0.7646400361932115
1653339816.127755 -18.909248034644186 -1.4113878165274325 -0.7641136881383574
1653339816.227755 -19.007069963243858 -1.426599932280578 -0.7635760845329478
1653339816.327755 -19.10489189184353 -1.4418120480337233 -0.763038480927538
1653339816.4277549 -19.202713820443197 -1.4570241637868682 -0.7625008773221283
1653339816.527755 -19.30056263250112 -1.472233892929462 -0.7619544378666189
1653339816.627755 -19.40151167287832 -1.4871683956651711 -0.7603890390030998
1653339816.727755 -19.50246071325553 -1.5021028984008806 -0.7588236401395808
1653339816.827755 -19.603409753632736 -1.5170374011365901 -0.7572582412760618
1653339816.9277549 -19.704348798088635 -1.5319682541696105 -0.7557006110465749
1653339817.027755 -19.804094936856036 -1.5464635544440126 -0.7550700837270802
1653339817.127755 -19.90384107562343 -1.5609588547184143 -0.7544395564075854
1653339817.227755 -20.00358721439083 -1.5754541549928167 -0.7538090290880907
1653339817.327755 -20.10332952855559 -1.5899498726446515 -0.7531809691820914
1653339817.4277549 -20.2025478112475 -1.604502777652079 -0.7528909842217283
1653339817.527755 -20.30176609393941 -1.6190556826595066 -0.752600999261365
1653339817.627755 -20.400984376631314 -1.633608587666934 -0.7523110143010018
1653339817.727755 -20.500201833126823 -1.6481696851992822 -0.7520155028742647
1653339817.827755 -20.59931174332504 -1.6637972067955773 -0.7510006092318195
1653339817.9277549 -20.698421653523255 -1.6794247283918726 -0.7499857155893744
1653339818.027755 -20.79753156372147 -1.6950522499881682 -0.7489708219469293
1653339818.127755 -20.896635922556243 -1.7106771792327593 -0.7479594398186775
1653339818.227755 -20.994929762871813 -1.7259236160428257 -0.7474607510699378
1653339818.327755 -21.093223603187383 -1.7411700528528917 -0.7469620623211981
1653339818.4277549 -21.191517443502953 -1.7564164896629582 -0.7464633735724584
1653339818.527755 -21.28981998966642 -1.771662112524715 -0.7459667883450489
1653339818.627755 -21.389302932907547 -1.7867973748313573 -0.7457554126069221
1653339818.727755 -21.488785876148683 -1.8019326371379998 -0.7455440368687952
1653339818.827755 -21.588268819389814 -1.817067899444642 -0.7453326611306683
1653339818.9277549 -21.687700109499023 -1.8321858054374172 -0.7451382949052255
1653339819.027755 -21.784609230207753 -1.8464562204434578 -0.7457744857207708
1653339819.127755 -21.881518350916483 -1.860726635449498 -0.7464106765363161
1653339819.227755 -21.978427471625213 -1.8749970504555387 -0.7470468673518613
1653339819.327755 -22.075352482907785 -1.8892718401987705 -0.7476730297104541
1653339819.4277549 -22.174358831352063 -1.9041196302111931 -0.7469856712147904
1653339819.527755 -22.273365179796336 -1.9189674202236155 -0.7462983127191267
1653339819.627755 -22.372371528240606 -1.9338152102360375 -0.7456109542234631
1653339819.727755 -22.4713822320735 -1.948673329699061 -0.7449137717603959
1653339819.827755 -22.570973787587814 -1.9649090251437693 -0.7429064265343068
1653339819.9277549 -22.670565343102133 -1.9811447205884782 -0.7408990813082177
1653339820.027755 -22.770156898616452 -1.9973804160331872 -0.7388917360821285
1653339820.127755 -22.86973051016505 -2.0136138839116855 -0.7369003705097756
1653339820.227755 -22.966948754403475 -2.0295549561896444 -0.7370065320188203
1653339820.327755 -23.0641669986419 -2.045496028467603 -0.7371126935278649
1653339820.4277549 -23.16138524288032 -2.0614371007455623 -0.7372188550369095
1653339820.527755 -23.258614098193803 -2.0773806419529866 -0.7373246329888413
1653339820.627755 -23.35723685122277 -2.0936485079930183 -0.7373800259062204
1653339820.727755 -23.45585960425174 -2.109916374033051 -0.7374354188235995
1653339820.827755 -23.554482357280705 -2.1261842400730826 -0.7374908117409785
1653339820.9277549 -23.653121539439685 -2.142460057785218 -0.7375278567546438
1653339821.027755 -23.753903494252363 -2.159772973963395 -0.7351718726607075
1653339821.127755 -23.85468544906504 -2.177085890141573 -0.732815888566771
1653339821.227755 -23.95546740387772 -2.1943988063197506 -0.7304599044728346
1653339821.327755 -24.05624769714374 -2.2117122033676844 -0.7281056054510167
1653339821.4277549 -24.15684129974602 -2.229079630733541 -0.7259406404037355
1653339821.527755 -24.257434902348297 -2.2464470580993967 -0.7237756753564544
1653339821.627755 -24.35802850495058 -2.263814485465253 -0.7216107103091732
1653339821.727755 -24.458590932038746 -2.281177528099238 -0.7194789145755849
1653339821.827755 -24.555721255067958 -2.298057856767516 -0.7209987197661352
1653339821.9277549 -24.652851578097177 -2.314938185435795 -0.7225185249566854
1653339822.027755 -24.74998190112639 -2.3318185141040733 -0.7240383301472357
1653339822.127755 -24.847125070866543 -2.348699873755985 -0.7255416934202971
1653339822.227755 -24.945522275562826 -2.3656818731375395 -0.7254400747348845
1653339822.327755 -25.04391948025911 -2.382663872519093 -0.7253384560494719
1653339822.4277549 -25.142316684955393 -2.3996458719006473 -0.7252368373640593
1653339822.527755 -25.240716344537667 -2.416621651607049 -0.7251309183719856
1653339822.627755 -25.339354358863343 -2.4329935380654057 -0.724607465329729
1653339822.727755 -25.437992373189022 -2.4493654245237626 -0.7240840122874723
1653339822.827755 -25.536630387514695 -2.465737310982119 -0.7235605592452156
1653339822.9277549 -25.635215624223097 -2.4821054566141108 -0.7230411202907888
1653339823.027755 -25.727725707775477 -2.4980430012778982 -0.7229837370260043
1653339823.127755 -25.820235791327864 -2.5139805459416866 -0.7229263537612197
1653339823.227755 -25.912745874880247 -2.5299180906054746 -0.7228689704964352
1653339823.327755 -26.0052518132781 -2.545841613237364 -0.7228111971324072
1653339823.4277549 -26.09724491680617 -2.5600303424244975 -0.7227051610333287
1653339823.527755 -26.18923802033423 -2.57421907161163 -0.7225991249342504
1653339823.627755 -26.281231123862298 -2.588407800798764 -0.7224930888351719
1653339823.727755 -26.373265842860064 -2.602571658116867 -0.7223888083086686
1653339823.827755 -26.469451182219007 -2.6142548589208534 -0.7224596240943627
1653339823.9277549 -26.56563652157795 -2.6259380597248403 -0.7225304398800567
1653339824.027755 -26.66182186093689 -2.6376212605288267 -0.7226012556657508
1653339824.127755 -26.75804398396151 -2.6492893253720475 -0.7226640755367503
1653339824.227755 -26.858104583947952 -2.6593779109649023 -0.7218924996569238
1653339824.327755 -26.958165183934394 -2.669466496557758 -0.7211209237770972
1653339824.4277549 -27.05822578392084 -2.679555082150613 -0.7203493478972708
1653339824.527755 -27.158287841635584 -2.689649304569928 -0.7195790660894946
1653339824.627755 -27.25849949047969 -2.7003219744497504 -0.7189415811127957
1653339824.727755 -27.35871113932379 -2.7109946443295727 -0.7183040961360969
1653339824.827755 -27.458922788167897 -2.721667314209395 -0.7176666111593981
1653339824.9277549 -27.559131836084795 -2.732358528198166 -0.7170303455143938
1653339825.027755 -27.65907064880952 -2.7449764669440153 -0.7165207678957403
1653339825.127755 -27.759009461534262 -2.7575944056898667 -0.7160111902770867
1653339825.227755 -27.85894827425899 -2.7702123444357163 -0.7155016126584332
1653339825.327755 -27.958890400017786 -2.782840111269284 -0.7149938512691658
1653339825.4277549 -28.05916921450481 -2.7964666623867225 -0.7146706650911706
1653339825.527755 -28.159448028991836 -2.8100932135041607 -0.7143474789131755
1653339825.627755 -28.259726843478852 -2.8237197646215977 -0.7140242927351804
1653339825.727755 -28.35997374974757 -2.8373291066437187 -0.7137223159429378
1653339825.827755 -28.45708537454146 -2.849247493776733 -0.715504360063599
1653339825.9277549 -28.554196999335353 -2.8611658809097467 -0.7172864041842602
1653339826.027755 -28.651308624129246 -2.873084268042761 -0.7190684483049213
1653339826.127755 -28.748438673924433 -2.884990576912264 -0.7208443165502006
1653339826.227755 -28.847632645578383 -2.89554390937417 -0.7219283789178592
1653339826.327755 -28.94682661723233 -2.9060972418360764 -0.7230124412855178
1653339826.4277549 -29.046020588886275 -2.9166505742979827 -0.7240965036531763
1653339826.527755 -29.14522628549909 -2.927211335355018 -0.7251601342512736
1653339826.627755 -29.245741608162213 -2.9386018376343825 -0.7239416265507179
1653339826.727755 -29.346256930825348 -2.9499923399137478 -0.722723118850162
1653339826.827755 -29.44677225348848 -2.9613828421931125 -0.7215046111496063
1653339826.9277549 -29.547276281762134 -2.9727678340920285 -0.7202928209816285
1653339827.027755 -29.64668099104866 -2.9836164830690337 -0.7197348697063117
1653339827.127755 -29.746085700335183 -2.9944651320460376 -0.719176918430995
1653339827.227755 -29.84549040962171 -3.0053137810230424 -0.7186189671556781
1653339827.327755 -29.944890809293273 -3.0161626197844713 -0.7180651104862114
1653339827.4277549 -30.04387426863157 -3.0270298195321033 -0.7179073927624061
1653339827.527755 -30.14285772796986 -3.037897019279735 -0.717749675038601
1653339827.627755 -30.24184118730815 -3.0487642190273663 -0.7175919573147959
1653339827.727755 -30.340824748509167 -3.0596271013860616 -0.7174346582287424
1653339827.827755 -30.43981816318434 -3.0700723503068135 -0.7173178551753873
1653339827.9277549 -30.538811577859516 -3.080517599227565 -0.717201052122032
1653339828.027755 -30.63780499253469 -3.0909628481483162 -0.7170842490686768
1653339828.127755 -30.73680505567219 -3.101410255616993 -0.7169635987538567
1653339828.227755 -30.83645612027355 -3.1120690229141994 -0.7164662338366478
1653339828.327755 -30.93610718487491 -3.122727790211406 -0.7159688689194388
1653339828.4277549 -31.03575824947627 -3.133386557508613 -0.7154715040022298
1653339828.527755 -31.135417871426267 -3.1440515137078 -0.7149729319078555
1653339828.627755 -31.236257495589335 -3.1555698788703066 -0.7143078980054983
1653339828.727755 -31.337097119752404 -3.167088244032813 -0.713642864103141
1653339828.827755 -31.43793674391547 -3.1786066091953202 -0.7129778302007839
1653339828.9277549 -31.538761278675597 -3.1901340693862563 -0.7123196634883734
1653339829.027755 -31.6378056585229 -3.2027345050690577 -0.7124716455916554
1653339829.127755 -31.736850038370214 -3.2153349407518603 -0.7126236276949374
1653339829.227755 -31.835894418217524 -3.2279353764346626 -0.7127756097982194
1653339829.327755 -31.934931539012275 -3.240551342429188 -0.7129297635014382
1653339829.4277549 -32.033145856885845 -3.2549276463939663 -0.7133300648604856
1653339829.527755 -32.131360174759415 -3.2693039503587435 -0.7137303662195329
1653339829.627755 -32.229574492632985 -3.283680254323522 -0.7141306675785802
1653339829.727755 -32.327789299919935 -3.2980543702966507 -0.714526439556386
1653339829.827755 -32.42605966400302 -3.31218011176134 -0.7144080492248475
1653339829.9277549 -32.52433002808611 -3.326305853226029 -0.7142896588933089
1653339830.027755 -32.6226003921692 -3.3404315946907173 -0.7141712685617703
1653339830.127755 -32.72087075625228 -3.354557336155407 -0.7140528782302317
1653339830.227755 -32.820148787144774 -3.3672524775495916 -0.71340917996355
1653339830.327755 -32.91943088687847 -3.379941842347321 -0.7127633605646116
1653339830.4277549 -33.01871298661217 -3.39263120714505 -0.7121175411656732
1653339830.527755 -33.117995086345864 -3.4053205719427786 -0.7114717217667348
1653339830.627755 -33.217996630262334 -3.4174722919705283 -0.7111741883682203
1653339830.727755 -33.31800081025213 -3.429622042045543 -0.7108779311040557
1653339830.827755 -33.41800499024193 -3.441771792120558 -0.710581673839891
1653339830.9277549 -33.518008556366496 -3.4539269269440735 -0.7102790827641562
1653339831.027755 -33.617951945465265 -3.4666099270586406 -0.7093555900274456
1653339831.127755 -33.71789533456404 -3.479292927173208 -0.708432097290735
1653339831.227755 -33.81783872366281 -3.4919759272877755 -0.7075086045540243
1653339831.327755 -33.917782112761586 -3.5046589274023434 -0.7065851118173136
1653339831.4277549 -34.01623415064599 -3.517281538829695 -0.7069543225957113
1653339831.527755 -34.1146798002094 -3.5299038915773235 -0.7073290707719546
1653339831.627755 -34.21312544977282 -3.5425262443249523 -0.7077038189481978
1653339831.727755 -34.311571099336234 -3.5551485970725816 -0.708078567124441
1653339831.827755 -34.40998992723293 -3.5675446206452963 -0.7084427525281642
1653339831.9277549 -34.50840864685264 -3.5799397305447553 -0.7088068952907972
1653339832.027755 -34.60682736647234 -3.5923348404442135 -0.7091710380534302
1653339832.127755 -34.705246086092046 -3.604729950343672 -0.7095351808160633
1653339832.227755 -34.80603065400705 -3.6170786498482994 -0.7084903432698311
1653339832.327755 -34.90685753567097 -3.6294265192921835 -0.7074203057819392
1653339832.4277549 -35.00768441733489 -3.6417743887360676 -0.7063502682940471
1653339832.527755 -35.108511298998806 -3.654122258179951 -0.7052802308061552
1653339832.627755 -35.208038149668376 -3.6673709382330992 -0.7046882275386862
1653339832.727755 -35.307556884426745 -3.680625241920559 -0.7040992085718197
1653339832.827755 -35.40707561918512 -3.6938795456080187 -0.7035101896049533
1653339832.9277549 -35.50659435394349 -3.7071338492954786 -0.7029211706380868
1653339833.027755 -35.60451898772887 -3.721988483722159 -0.7028060921367412
1653339833.127755 -35.70243367977078 -3.736853098744779 -0.7026939694045808
1653339833.227755 -35.80034837181269 -3.751717713767399 -0.7025818466724206
1653339833.327755 -35.89826306385459 -3.7665823287900193 -0.7024697239402603
1653339833.4277549 -35.996411175689644 -3.7812268419320403 -0.7022442345748019
1653339833.527755 -36.09456070574495 -3.7958700177712523 -0.7020180564123346
1653339833.627755 -36.19271023580025 -3.8105131936104653 -0.7017918782498673
1653339833.727755 -36.29085976585556 -3.8251563694496786 -0.7015657000873999
1653339833.827755 -36.38985381653009 -3.8408804899152886 -0.7012151094330225
1653339833.9277549 -36.488853523287425 -3.856611849887152 -0.7008636855398358
1653339834.027755 -36.58785323004475 -3.872343209859015 -0.7005122616466491
1653339834.127755 -36.68685729275012 -3.8880711700716257 -0.7001595599306922
1653339834.227755 -36.786797694094794 -3.903068330484577 -0.6995321821111986
1653339834.327755 -36.88673809543946 -3.9180654908975274 -0.698904804291705
1653339834.4277549 -36.98667849678414 -3.9330626513104785 -0.6982774264722114
1653339834.527755 -37.08662327501146 -3.948059584639118 -0.697646280648478
1653339834.627755 -37.1874654337225 -3.9630099594822785 -0.6962425910471313
1653339834.727755 -37.28830759243353 -3.977960334325439 -0.6948389014457845
1653339834.827755 -37.38914975114457 -3.992910709168599 -0.6934352118444377
1653339834.9277549 -37.4899806410594 -4.007858041207509 -0.6920450732227057
1653339835.027755 -37.58836288736174 -4.022144189651244 -0.693599483340475
1653339835.127755 -37.6867451336641 -4.036430338094981 -0.6951538934582445
1653339835.227755 -37.78512737996645 -4.050716486538716 -0.696708303576014
1653339835.327755 -37.88351893468856 -4.065011527897455 -0.6982448056590678
1653339835.4277549 -37.98243608087095 -4.079808699617876 -0.6987701468408094
1653339835.527755 -38.08135322705335 -4.0946058713383 -0.6992954880225511
1653339835.627755 -38.18027037323574 -4.109403043058722 -0.6998208292042928
1653339835.727755 -38.27920769056321 -4.124178908412261 -0.7003403461401426
1653339835.827755 -38.37934697747983 -4.137685157937962 -0.7005128046211436
1653339835.9277549 -38.479486264396435 -4.151191407463662 -0.7006852631021446
1653339836.027755 -38.57962555131305 -4.164697656989363 -0.7008577215831455
1653339836.127755 -38.679760895967114 -4.178207523246324 -0.7010316821495365
1653339836.227755 -38.779125780129824 -4.192424229422222 -0.7014992044540459
1653339836.327755 -38.878490664292535 -4.206640935598118 -0.7019667267585553
1653339836.4277549 -38.97785554845524 -4.220857641774014 -0.7024342490630646
1653339836.527755 -39.077208730293606 -4.235086910813011 -0.702893590326463
1653339836.627755 -39.1759104009417 -4.250015600381894 -0.7028974631139447
1653339836.727755 -39.2746120715898 -4.264944289950778 -0.7029013359014264
1653339836.827755 -39.3733137422379 -4.279872979519661 -0.702905208688908
1653339836.9277549 -39.47201006988467 -4.294804245869334 -0.7029112515045235
1653339837.027755 -39.569629855246944 -4.3102546985924155 -0.7033545255511408
1653339837.127755 -39.66724964060922 -4.325705151315496 -0.7037977995977581
1653339837.227755 -39.76486942597149 -4.341155604038578 -0.7042410736443755
1653339837.327755 -39.86249204139167 -4.356605369008642 -0.7046833686494153
1653339837.4277549 -39.96085696945158 -4.37187473916865 -0.7048688650435002
1653339837.527755 -40.0592218975115 -4.387144109328659 -0.7050543614375853
1653339837.627755 -40.157586825571414 -4.4024134794886685 -0.7052398578316703
1653339837.727755 -40.25595427000137 -4.417683528704928 -0.7054233131502723
1653339837.827755 -40.35494460816544 -4.433121669210229 -0.7051015275425221
1653339837.9277549 -40.45393494632951 -4.4485598097155306 -0.7047797419347719
1653339838.027755 -40.55292528449358 -4.463997950220832 -0.7044579563270217
1653339838.127755 -40.65169569731719 -4.479402281099979 -0.7041360392153544
1653339838.227755 -40.70827918851249 -4.488321119921722 -0.7037888965183342
1653339838.327755 -40.76486267970779 -4.4972399587434655 -0.703441753821314
1653339838.4277549 -40.82144617090309 -4.506158797565208 -0.7030946111242939
1653339838.527755 -40.87771434495771 -4.514996720967255 -0.7027722372337104
1653339838.627755 -40.91744337389552 -4.519590435298826 -0.7037490470257686
1653339838.727755 -40.957172402833336 -4.524184149630399 -0.7047258568178267
1653339838.827755 -40.99690143177115 -4.52877786396197 -0.705702666609885
1653339838.9277549 -41.03707906252773 -4.53345393904525 -0.7066518707080582
1653339839.027755 -41.13771222828546 -4.549229307754364 -0.7038808112605919
1653339839.127755 -41.238345394043186 -4.565004676463477 -0.7011097518131255
1653339839.227755 -41.33897855980091 -4.580780045172592 -0.6983386923656592
1653339839.327755 -41.43959048719224 -4.596558982942471 -0.6955873577204671
1653339839.4277549 -41.53778310048104 -4.612744481126802 -0.695082923398462
1653339839.527755 -41.63597571376985 -4.628929979311134 -0.6945784890764568
1653339839.627755 -41.73416832705866 -4.645115477495465 -0.6940740547544516
1653339839.727755 -41.8323708662156 -4.661301499735602 -0.6935630036830639
1653339839.827755 -41.931922850901245 -4.677558768616672 -0.6921523896966456
1653339839.9277549 -42.03147483558689 -4.693816037497741 -0.6907417757102275
1653339840.027755 -42.13102682027254 -4.710073306378811 -0.6893311617238093
1653339840.127755 -42.23056520344599 -4.726327203736502 -0.6879304994174906
1653339840.227755 -42.32819970772719 -4.742109170318872 -0.6879228288180446
1653339840.327755 -42.42583421200839 -4.757891136901242 -0.6879151582185984
1653339840.4277549 -42.52346871628958 -4.7736731034836115 -0.6879074876191523
1653339840.527755 -42.621103220570774 -4.789455070065982 -0.6878998170197062
1653339840.627755 -42.72082672354377 -4.804453936659312 -0.687435689604368
1653339840.727755 -42.82056087014083 -4.819448813292331 -0.6869692365031586
1653339840.827755 -42.92029501673788 -4.834443689925348 -0.6865027834019491
1653339840.9277549 -43.02002180337558 -4.8494402802828835 -0.6860376328166822
1653339841.027755 -43.11875381041526 -4.864668499391022 -0.6857485316122226
1653339841.127755 -43.21748581745493 -4.87989671849916 -0.6854594304077631
1653339841.227755 -43.31621782449461 -4.8951249376072985 -0.6851703292033037
1653339841.327755 -43.414945070108324 -4.9103537327395115 -0.6848814478085105
1653339841.4277549 -43.51302057261424 -4.92566137394105 -0.6846226539203732
1653339841.527755 -43.61109607512016 -4.940969015142589 -0.684363860032236
1653339841.627755 -43.70917157762608 -4.956276656344128 -0.6841050661440988
1653339841.727755 -43.807247080132 -4.971584297545668 -0.6838462722559616
1653339841.827755 -43.90774738221424 -4.987711293627909 -0.6830542598713198
1653339841.9277549 -44.008260565757276 -5.003842642435988 -0.6822594148265189
1653339842.027755 -44.10877374930031 -5.019973991244067 -0.6814645697817179
1653339842.127755 -44.20927427867992 -5.036102890430985 -0.6806837261944315
1653339842.227755 -44.30808096719654 -5.051903892128447 -0.6817770674161355
1653339842.327755 -44.40688765571315 -5.067704893825908 -0.6828704086378395
1653339842.4277549 -44.505694344229774 -5.083505895523371 -0.6839637498595436
1653339842.527755 -44.604497096984645 -5.099310460579177 -0.6850489893626557
1653339842.627755 -44.70279660284086 -5.115570655104238 -0.6850983011294853
1653339842.727755 -44.80109610869709 -5.1318308496293 -0.6851476128963151
1653339842.827755 -44.8993956145533 -5.148091044154361 -0.6851969246631447
1653339842.9277549 -44.997700104057984 -5.164333606729709 -0.6852370308728196
1653339843.027755 -45.09656025085117 -5.178610275956682 -0.6842507535076587
1653339843.127755 -45.195420397644355 -5.192886945183656 -0.6832644761424977
1653339843.227755 -45.29428054443754 -5.2071636144106295 -0.6822781987773369
1653339843.327755 -45.39312574923132 -5.2214110063704195 -0.681299731364811
1653339843.4277549 -45.49045993332952 -5.232697713122183 -0.6811110511649089
1653339843.527755 -45.58779411742772 -5.2439844198739465 -0.6809223709650069
1653339843.627755 -45.68512830152592 -5.2552711266257095 -0.6807336907651047
1653339843.727755 -45.782477254031626 -5.266539401935009 -0.6805435376419771
1653339843.827755 -45.88143656119253 -5.2757979033962075 -0.6801927762222
1653339843.9277549 -45.98039586835343 -5.285056404857407 -0.6798420148024229
1653339844.027755 -46.079355175514344 -5.294314906318606 -0.6794912533826458
1653339844.127755 -46.17832812851712 -5.303554254540543 -0.6791380457741526
1653339844.227755 -46.27869052474279 -5.310843386810433 -0.6785357629992826
1653339844.327755 -46.379052920968455 -5.318132519080321 -0.6779334802244126
1653339844.4277549 -46.47941531719412 -5.325421651350211 -0.6773311974495426
1653339844.527755 -46.579785299533405 -5.332711752205554 -0.676725390222562
1653339844.627755 -46.68092759836931 -5.340100461460704 -0.6757607704805514
1653339844.727755 -46.782069897205204 -5.347489170715855 -0.6747961507385407
1653339844.827755 -46.8832121960411 -5.354877879971005 -0.6738315309965301
1653339844.9277549 -46.984339728331726 -5.362268027821543 -0.6728738773962901
1653339845.027755 -47.083950262318375 -5.369805965606777 -0.672631870215325
1653339845.127755 -47.18356079630503 -5.3773439033920125 -0.6723898630343599
1653339845.227755 -47.28317133029168 -5.384881841177248 -0.6721478558533948
1653339845.327755 -47.38277101586129 -5.3924175936250585 -0.67191572736784
1653339845.4277549 -47.48125610935857 -5.399728819327728 -0.6726985594565962
1653339845.527755 -47.57974120285584 -5.4070400450303975 -0.6734813915453524
1653339845.627755 -47.67822629635312 -5.414351270733067 -0.6742642236341085
1653339845.727755 -47.77672378920669 -5.421669603718507 -0.6750426525815884
1653339845.827755 -47.876511459212864 -5.429727463307644 -0.6753629261102975
1653339845.9277549 -47.97629912921905 -5.437785322896782 -0.6756831996390066
1653339846.027755 -48.07608679922524 -5.44584318248592 -0.6760034731677157
1653339846.127755 -48.17588820675404 -5.453899611464225 -0.6763180876194433
1653339846.227755 -48.27711917484338 -5.461807167543073 -0.6760438045322571
1653339846.327755 -48.37835014293271 -5.469714723621921 -0.675769521445071
1653339846.4277549 -48.47958111102205 -5.477622279700769 -0.6754952383578847
1653339846.527755 -48.58080280620432 -5.485522353417369 -0.6752215337524138
1653339846.627755 -48.68104883225475 -5.4926351540791405 -0.6750086953616404
1653339846.727755 -48.78129485830519 -5.499747954740912 -0.6747958569708671
1653339846.827755 -48.88154088435561 -5.506860755402684 -0.6745830185800937
1653339846.9277549 -48.98178400352129 -5.513976960625913 -0.6743698041295924
1653339847.027755 -49.08171711615512 -5.521456247421966 -0.6741164845556433
1653339847.127755 -49.18165022878895 -5.52893553421802 -0.6738631649816943
1653339847.227755 -49.28158334142279 -5.536414821014074 -0.6736098454077453
1653339847.327755 -49.38148680272952 -5.543903574833084 -0.6733587633974958
1653339847.4277549 -49.47836422298382 -5.552358477655092 -0.6733360340539097
1653339847.527755 -49.57524164323813 -5.5608133804771 -0.6733133047103237
1653339847.627755 -49.67211906349244 -5.569268283299109 -0.6732905753667375
1653339847.727755 -49.76899645726009 -5.577746960844933 -0.6732701784226022
1653339847.827755 -49.865871141634926 -5.588657619446928 -0.6734883689515878
1653339847.9277549 -49.96274582600978 -5.599568278048924 -0.6737065594805735
1653339848.027755 -50.05962051038463 -5.61047893665092 -0.6739247500095591
1653339848.127755 -50.1565115109487 -5.621432422694596 -0.6741409650586493
1653339848.227755 -50.25504474453779 -5.636696513266699 -0.6741583470173376
1653339848.327755 -50.35357797812689 -5.651960603838804 -0.6741757289760258
1653339848.4277549 -50.452111211715994 -5.6672246944109075 -0.6741931109347141
1653339848.527755 -50.550601982120796 -5.6825258480431895 -0.6742043721731139
1653339848.627755 -50.64481629860022 -5.701559610800034 -0.6735992175977944
1653339848.727755 -50.73903061507963 -5.720593373556878 -0.672994063022475
1653339848.827755 -50.83324493155905 -5.739627136313723 -0.6723889084471555
1653339848.9277549 -50.92742957375663 -5.75864687267748 -0.6717834306101521
1653339849.027755 -51.018590633465095 -5.776237426803381 -0.6711450148785721
1653339849.127755 -51.109751693173564 -5.793827980929281 -0.6705065991469921
1653339849.227755 -51.20091275288202 -5.81141853505518 -0.6698681834154121
1653339849.327755 -51.2921390103668 -5.828960888708588 -0.6692313103628256
1653339849.4277549 -51.390205607802855 -5.84144620458746 -0.6687562902037942
1653339849.527755 -51.488272205238914 -5.8539315204663325 -0.6682812700447629
1653339849.627755 -51.586338802674966 -5.866416836345205 -0.6678062498857316
1653339849.727755 -51.68441499206719 -5.878883076455498 -0.6673367163959191
1653339849.827755 -51.78349789779749 -5.8893472340347435 -0.6674430320286161
1653339849.9277549 -51.882580803527794 -5.899811391613989 -0.667549347661313
1653339850.027755 -51.9816637092581 -5.910275549193234 -0.66765566329401
1653339850.127755 -52.08077025834655 -5.920748107353055 -0.6677516812780849
1653339850.227755 -52.18229138771047 -5.932078575630309 -0.6667960508838754
1653339850.327755 -52.2838125170744 -5.943409043907565 -0.6658404204896657
1653339850.4277549 -52.385333646438326 -5.95473951218482 -0.6648847900954561
1653339850.527755 -52.486841048889474 -5.966096099500136 -0.6639267102959803
1653339850.627755 -52.58693769299404 -5.98013702316398 -0.6627168973517784
1653339850.727755 -52.68703433709861 -5.994177946827824 -0.6615070844075768
1653339850.827755 -52.787130981203184 -6.0082188704916675 -0.660297271463375
1653339850.9277549 -52.88720778834469 -6.022297998870841 -0.6590905275071286
1653339851.027755 -52.985260853986425 -6.040274723250095 -0.6581968777612772
1653339851.127755 -53.083313919628154 -6.058251447629348 -0.6573032280154258
1653339851.227755 -53.181366985269875 -6.076228172008601 -0.6564095782695745
1653339851.327755 -53.27942313848535 -6.094213137720404 -0.6555200870150886
1653339851.4277549 -53.377796912965344 -6.1130458961283605 -0.6550583832070414
1653339851.527755 -53.47617068744535 -6.131878654536317 -0.6545966793989941
1653339851.627755 -53.57454446192534 -6.150711412944274 -0.6541349755909469
1653339851.727755 -53.67292694497535 -6.169535779712168 -0.653670094398763
1653339851.827755 -53.77218415171143 -6.187517256509423 -0.6528860640054505
1653339851.9277549 -53.8714413584475 -6.205498733306677 -0.6521020336121379
1653339852.027755 -53.97069856518357 -6.223480210103932 -0.6513180032188254
1653339852.127755 -54.06994546950663 -6.2414507447925835 -0.6505403099979045
1653339852.227755 -54.16817265497749 -6.258338244428213 -0.650389861496064
1653339852.327755 -54.26639984044836 -6.275225744063843 -0.6502394129942237
1653339852.4277549 -54.364627025919226 -6.2921132436994744 -0.6500889644923833
1653339852.527755 -54.46285404782301 -6.309014416557944 -0.6499380146547411
1653339852.627755 -54.561064051113966 -6.327338242912867 -0.6497349024893293
1653339852.727755 -54.65927405440492 -6.345662069267789 -0.6495317903239176
1653339852.827755 -54.757484057695876 -6.363985895622711 -0.6493286781585058
1653339852.9277549 -54.85570116179563 -6.382310134600529 -0.6491246388435601
1653339853.027755 -54.954631186137036 -6.400675800861247 -0.6488275138409235
1653339853.127755 -55.05356121047844 -6.419041467121965 -0.648530388838287
1653339853.227755 -55.15249123481984 -6.437407133382682 -0.6482332638356505
1653339853.327755 -55.251420324476236 -6.455772566378282 -0.6479361340328704
1653339853.4277549 -55.35025592798214 -6.474114668457418 -0.6476385241250973
1653339853.527755 -55.44909153148804 -6.4924567705365535 -0.6473409142173242
1653339853.627755 -55.54792713499394 -6.510798872615689 -0.647043304309551
1653339853.727755 -55.646739303625964 -6.529143538099511 -0.64674765547545
1653339853.827755 -55.74311179418618 -6.547755065792179 -0.6466561634233102
1653339853.9277549 -55.83948428474639 -6.5663665934848465 -0.6465646713711705
1653339854.027755 -55.935856775306604 -6.584978121177514 -0.6464731793190306
1653339854.127755 -56.03214422600489 -6.603594383027951 -0.6463834487831172
1653339854.227755 -56.11913821864141 -6.622728010449172 -0.6464862229950272
1653339854.327755 -56.20613221127793 -6.6418616378703925 -0.6465889972069372
1653339854.4277549 -56.293126203914454 -6.660995265291613 -0.6466917714188471
1653339854.527755 -56.38014675481901 -6.680122379790391 -0.6467927214843308
1653339854.627755 -56.469851841931984 -6.698591161595987 -0.6467092850105712
1653339854.727755 -56.559556929044966 -6.717059943401584 -0.6466258485368116
1653339854.827755 -56.64926201615794 -6.735528725207182 -0.646542412063052
1653339854.9277549 -56.7389807274195 -6.753964132793811 -0.6464583495724158
1653339855.027755 -56.83004431160604 -6.769105089853417 -0.6463124914295412
1653339855.127755 -56.92110789579256 -6.784246046913021 -0.6461666332866665
1653339855.227755 -57.01217147997909 -6.799387003972625 -0.6460207751437919
1653339855.327755 -57.10324437954597 -6.814496714175399 -0.645870430792838
1653339855.4277549 -57.195244931048144 -6.826494773954609 -0.6452733371465591
1653339855.527755 -57.28724548255031 -6.838492833733818 -0.6446762435002803
1653339855.627755 -57.37924603405248 -6.850490893513028 -0.6440791498540015
1653339855.727755 -57.47124290069986 -6.86246890677502 -0.6434844152833011
1653339855.827755 -57.56287144524155 -6.872443157105649 -0.6431254836775344
1653339855.9277549 -57.65449998978323 -6.882417407436277 -0.6427665520717678
1653339856.027755 -57.74612853432492 -6.892391657766905 -0.6424076204660011
1653339856.127755 -57.837767439468124 -6.902345041324238 -0.6420455150233809
1653339856.227755 -57.93042960544685 -6.9102375260229625 -0.6413699468016089
1653339856.327755 -58.02309177142557 -6.918130010721686 -0.6406943785798368
1653339856.4277549 -58.11575393740429 -6.926022495420411 -0.6400188103580647
1653339856.527755 -58.208449467471276 -6.933865425278074 -0.6393438465439557
1653339856.627755 -58.30444923907923 -6.936800648288064 -0.6387287407692092
1653339856.727755 -58.400449010687204 -6.939735871298055 -0.6381136349944627
1653339856.827755 -58.49644878229517 -6.942671094308046 -0.6374985292197162
1653339856.9277549 -58.59247227786759 -6.945569220331832 -0.6368868325133455
1653339857.027755 -58.690839312143815 -6.944802772370096 -0.6366118958665854
1653339857.127755 -58.78920634642003 -6.94403632440836 -0.6363369592198252
1653339857.227755 -58.887573380696246 -6.943269876446624 -0.636062022573065
1653339857.327755 -58.98592524057961 -6.94255824918061 -0.6357984429653252
1653339857.4277549 -59.082774363654345 -6.94727557568474 -0.6366595634182979
1653339857.527755 -59.1796234867291 -6.951992902188871 -0.6375206838712708
1653339857.627755 -59.27647260980383 -6.956710228693001 -0.6383818043242436
1653339857.727755 -59.37335266562785 -6.961511108954 -0.6392290204790351
1653339857.827755 -59.47333821364057 -6.974700365464716 -0.63868031514561
1653339857.9277549 -59.57332376165328 -6.98788962197543 -0.6381316098121848
1653339858.027755 -59.67330930966601 -7.0010788784861475 -0.6375829044787596
1653339858.127755 -59.773272687981994 -7.0143480958413225 -0.6370307976991957
1653339858.227755 -59.87098483988465 -7.035736953588264 -0.6361332903720837
1653339858.327755 -59.9686969917873 -7.0571258113352044 -0.6352357830449719
1653339858.4277549 -60.066409143689945 -7.078514669082144 -0.63433827571786
1653339858.527755 -60.16411672257793 -7.099915478732165 -0.6334450776890882
1653339858.627755 -60.26134461337829 -7.122569987733711 -0.6330039051243053
1653339858.727755 -60.35857250417866 -7.14522449673526 -0.6325627325595223
1653339858.827755 -60.45580039497902 -7.167879005736805 -0.6321215599947393
1653339858.9277549 -60.55296944488974 -7.190522504769933 -0.6316832276662268
1653339859.027755 -60.643951534738996 -7.212008335465725 -0.6315435384832843
1653339859.127755 -60.73493362458824 -7.233494166161514 -0.6314038493003418
1653339859.227755 -60.82591571443749 -7.2549799968573065 -0.6312641601173993
1653339859.327755 -60.91692538413096 -7.276445713516964 -0.6311230138373072
1653339859.4277549 -61.01072958305491 -7.295873374361454 -0.6308342271085555
1653339859.527755 -61.104533781978866 -7.315301035205947 -0.6305454403798038
1653339859.627755 -61.19833798090281 -7.334728696050439 -0.6302566536510521
1653339859.727755 -61.292181669196474 -7.354128395318695 -0.6299688892277523
1653339859.827755 -61.390152042316046 -7.370606077517007 -0.6297879569070476
1653339859.9277549 -61.48812241543562 -7.387083759715318 -0.629607024586343
1653339860.027755 -61.586092788555206 -7.403561441913631 -0.6294260922656383
1653339860.127755 -61.68407695318867 -7.420037666958892 -0.6292392531161712
1653339860.227755 -61.78347554718399 -7.436364449377751 -0.6284466217310839
1653339860.327755 -61.88287414117929 -7.452691231796607 -0.6276539903459966
1653339860.4277549 -61.98227273517459 -7.469018014215464 -0.6268613589609093
1653339860.527755 -62.081657082496015 -7.485340412102768 -0.626071934277818
1653339860.627755 -62.17959281707868 -7.5012169874554555 -0.6256085695155605
1653339860.727755 -62.27752855166136 -7.517093562808146 -0.6251452047533029
1653339860.827755 -62.375464286244025 -7.5329701381608345 -0.6246818399910453
1653339860.9277549 -62.4734055163291 -7.548845133551346 -0.6242225421742447
1653339861.027755 -62.571922377569436 -7.564554634436665 -0.6241892400783328
1653339861.127755 -62.670439238809756 -7.580264135321982 -0.624155937982421
1653339861.227755 -62.76895610005009 -7.595973636207301 -0.6241226358865092
1653339861.327755 -62.86748779065439 -7.6116820660989974 -0.6240844362237505
1653339861.4277549 -62.96775722615979 -7.6272649940673745 -0.6234723264576172
1653339861.527755 -63.06802666166521 -7.642847922035753 -0.6228602166914837
1653339861.627755 -63.16829609717061 -7.65843085000413 -0.6222481069253504
1653339861.727755 -63.26856512605576 -7.674022424488683 -0.6216358285063404
1653339861.827755 -63.368787599092876 -7.690603978885505 -0.6210042402339037
1653339861.9277549 -63.46901007212998 -7.707185533282327 -0.620372651961467
1653339862.027755 -63.569232545167104 -7.7237670876791515 -0.6197410636890301
1653339862.127755 -63.6694236194959 -7.740354300639974 -0.6191176689306994
1653339862.227755 -63.76574538381092 -7.757638826946831 -0.6195039732294808
1653339862.327755 -63.86206714812593 -7.774923353253686 -0.6198902775282621
1653339862.4277549 -63.95838891244094 -7.79220787956054 -0.6202765818270434
1653339862.527755 -64.05470649829418 -7.809490621213661 -0.6206646774001623
1653339862.627755 -64.1505374555368 -7.826565519977577 -0.6212613869055975
1653339862.727755 -64.24636841277946 -7.843640418741495 -0.6218580964110328
1653339862.827755 -64.34219937002209 -7.86071531750541 -0.6224548059164682
1653339862.9277549 -64.43804353626481 -7.877778790579319 -0.6230423907578864
1653339863.027755 -64.53542490941312 -7.89351259074526 -0.6225680862490416
1653339863.127755 -64.63280628256143 -7.909246390911199 -0.622093781740197
1653339863.227755 -64.73018765570974 -7.92498019107714 -0.6216194772313522
1653339863.327755 -64.82758333705806 -7.9406876171850245 -0.6211476440906256
1653339863.4277549 -64.92656847665624 -7.953465222343205 -0.6209503483787554
1653339863.527755 -65.02555361625446 -7.966242827501386 -0.6207530526668852
1653339863.627755 -65.12453875585264 -7.979020432659565 -0.620555756955015
1653339863.727755 -65.2235216818998 -7.991767690587224 -0.6203598348275009
1653339863.827755 -65.32228860342894 -8.001553580652013 -0.6202979509136689
1653339863.9277549 -65.42105552495809 -8.011339470716802 -0.620236066999837
1653339864.027755 -65.51982244648725 -8.02112536078159 -0.6201741830860051
1653339864.127755 -65.61860108659933 -8.030910808591342 -0.6201093297031645
1653339864.227755 -65.71852745564858 -8.040652941530372 -0.6197536437573077
1653339864.327755 -65.81845382469784 -8.050395074469403 -0.6193979578114509
1653339864.4277549 -65.91838019374708 -8.060137207408433 -0.6190422718655941
1653339864.527755 -66.01830319695374 -8.06987978704323 -0.6186809628796867
1653339864.627755 -66.11789947417941 -8.079665727919046 -0.6177738193165329
1653339864.727755 -66.21749575140508 -8.08945166879486 -0.616866675753379
1653339864.827755 -66.31709202863077 -8.099237609670675 -0.6159595321902249
1653339864.9277549 -66.41669580142668 -8.109022883477948 -0.6150568834226585
1653339865.027755 -66.51709729072681 -8.118737164476263 -0.6146325935402706
1653339865.127755 -66.61749878002692 -8.128451445474576 -0.6142083036578827
1653339865.227755 -66.71790026932702 -8.13816572647289 -0.6137840137754949
1653339865.327755 -66.81829634810828 -8.147875823142913 -0.6133624929339766
1653339865.4277549 -66.9181306451825 -8.157151455181317 -0.6132284854608906
1653339865.527755 -67.01796494225675 -8.166427087219722 -0.6130944779878045
1653339865.627755 -67.11779923933098 -8.175702719258126 -0.6129604705147185
1653339865.727755 -67.21763351598649 -8.184982640996258 -0.6128247626716172
1653339865.827755 -67.31746578198609 -8.194684974754749 -0.6125216172969907
1653339865.9277549 -67.41729804798565 -8.204387308513239 -0.6122184719223644
1653339866.027755 -67.51713031398523 -8.214089642271729 -0.611915326547738
1653339866.127755 -67.61696335965273 -8.223810198518573 -0.611608395602681
1653339866.227755 -67.71687847335096 -8.235448858173909 -0.610902994624092
1653339866.327755 -67.8167935870492 -8.247087517829247 -0.6101975936455029
1653339866.4277549 -67.91670870074744 -8.258726177484581 -0.6094921926669139
1653339866.527755 -68.01665548390805 -8.27037818903497 -0.6087825628426191
1653339866.627755 -68.11991327596716 -8.2834261271346 -0.6076308116587222
1653339866.727755 -68.22317106802629 -8.29647406523423 -0.6064790604748255
1653339866.827755 -68.32642886008541 -8.30952200333386 -0.6053273092909284
1653339866.9277549 -68.42963326082833 -8.322570918322972 -0.6041934990500754
1653339867.027755 -68.52722227475954 -8.33572257684217 -0.6049466124159505
1653339867.127755 -68.62481128869075 -8.348874235361365 -0.6056997257818254
1653339867.227755 -68.72240030262195 -8.36202589388056 -0.6064528391477004
1653339867.327755 -68.81998931655318 -8.375177552399757 -0.6072059525135755
1653339867.4277549 -68.91765357246507 -8.39082870860275 -0.6088225190763571
1653339867.527755 -69.01531802694716 -8.406486461199 -0.6104413643677333
1653339867.627755 -69.11298248142923 -8.422144213795248 -0.6120602096591093
1653339867.727755 -69.21064118320236 -8.43781143564827 -0.6136759846978322
1653339867.827755 -69.30770446641439 -8.454458747283105 -0.6149739815493106
1653339867.9277549 -69.40476774962642 -8.47110605891794 -0.6162719784007886
1653339868.027755 -69.50183103283845 -8.487753370552776 -0.617569975252267
1653339868.127755 -69.59890385348146 -8.504398538882558 -0.6188537597728614
1653339868.227755 -69.69692204180542 -8.520831258878165 -0.6187287919467032
1653339868.327755 -69.79494023012938 -8.537263978873774 -0.6186038241205448
1653339868.4277549 -69.89295841845335 -8.553696698869382 -0.6184788562943866
1653339868.527755 -69.99097165865666 -8.570127815402712 -0.6183493891987096
1653339868.627755 -70.08849093063264 -8.586398859157624 -0.6177707624432807
1653339868.727755 -70.18601020260863 -8.602669902912538 -0.6171921356878518
1653339868.827755 -70.28352947458463 -8.618940946667452 -0.616613508932423
1653339868.9277549 -70.38104264877184 -8.635217079271959 -0.6160240787357018
1653339869.027755 -70.47794225752604 -8.652005256868955 -0.6143475957747483
1653339869.127755 -70.57484186628024 -8.668793434465952 -0.612671112813795
1653339869.227755 -70.67174147503442 -8.685581612062949 -0.6109946298528418
1653339869.327755 -70.76865132360138 -8.702372064968937 -0.6093170684177617
1653339869.4277549 -70.86673671058796 -8.719423725106056 -0.6075156973192243
1653339869.527755 -70.96482209757454 -8.736475385243176 -0.6057143262206867
1653339869.627755 -71.06290748456112 -8.753527045380293 -0.6039129551221493
1653339869.727755 -71.16097497151722 -8.770567074140253 -0.6021179357308294
1653339869.827755 -71.25698843639861 -8.786272406544068 -0.601051772464
1653339869.9277549 -71.35300190128 -8.801977738947881 -0.5999856091971708
1653339870.027755 -71.44901536616138 -8.817683071351697 -0.5989194459303414
1653339870.127755 -71.54499533563526 -8.833363649019015 -0.5978612921348296
1653339870.227755 -71.6370212346213 -8.846121976135116 -0.5977486415151703
1653339870.327755 -71.72904713360737 -8.858880303251217 -0.597635990895511
1653339870.4277549 -71.8210730325934 -8.871638630367318 -0.5975233402758516
1653339870.527755 -71.91316366074535 -8.884377966417475 -0.5974108298606764
1653339870.627755 -72.0128290948604 -8.89489490955426 -0.597314726605208
1653339870.727755 -72.11249452897545 -8.905411852691046 -0.5972186233497395
1653339870.827755 -72.21215996309051 -8.915928795827833 -0.597122520094271
1653339870.9277549 -72.31182017907584 -8.92643384861831 -0.5970266599520747
1653339871.027755 -72.41086637308244 -8.935539753754774 -0.5969594071654175
1653339871.127755 -72.50991256708903 -8.944645658891238 -0.5968921543787604
1653339871.227755 -72.60895876109562 -8.953751564027701 -0.5968249015921032
1653339871.327755 -72.7080017350477 -8.962854780517448 -0.5967573024794248
1653339871.4277549 -72.8066695068753 -8.971644714746576 -0.596649349311242
1653339871.527755 -72.9053372787029 -8.980434648975706 -0.5965413961430593
1653339871.627755 -73.0040050505305 -8.989224583204836 -0.5964334429748767
1653339871.727755 -73.10268656462002 -8.998021955898523 -0.5963222083322217
1653339871.827755 -73.20294587676642 -9.00767336521186 -0.5958342159132913
1653339871.9277549 -73.30320518891283 -9.017324774525196 -0.5953462234943611
1653339872.027755 -73.40346450105923 -9.026976183838533 -0.5948582310754306
1653339872.127755 -73.50371524077427 -9.03663516838465 -0.5943687218124508
1653339872.227755 -73.60298355509426 -9.047162296488338 -0.5937053778400121
1653339872.327755 -73.70225186941425 -9.057689424592029 -0.5930420338675733
1653339872.4277549 -73.80152018373425 -9.068216552695716 -0.5923786898951345
1653339872.527755 -73.90079174322729 -9.078741845261565 -0.5917154586297031
1653339872.627755 -74.00070276423557 -9.088905445000604 -0.591074436285928
1653339872.727755 -74.10061378524384 -9.099069044739641 -0.590433413942153
1653339872.827755 -74.20052480625212 -9.10923264447868 -0.5897923915983779
1653339872.9277549 -74.30043703110371 -9.11939441880744 -0.5891520638077278
1653339873.027755 -74.4005879915167 -9.129194193910827 -0.5886494736512932
1653339873.127755 -74.50073895192969 -9.138993969014212 -0.5881468834948587
1653339873.227755 -74.60088991234267 -9.148793744117599 -0.5876442933384242
1653339873.327755 -74.70104050848069 -9.158597784302078 -0.587139217321838
1653339873.4277549 -74.80112267646014 -9.169203009503697 -0.5861671785757172
1653339873.527755 -74.90120484443959 -9.179808234705318 -0.5851951398295961
1653339873.627755 -75.00128701241904 -9.190413459906937 -0.5842231010834752
1653339873.727755 -75.10136520214488 -9.20102267821215 -0.5832527400553611
1653339873.827755 -75.2008376352334 -9.212239914316735 -0.582537840070726
1653339873.9277549 -75.30031006832189 -9.223457150421318 -0.581822940086091
1653339874.027755 -75.39978250141041 -9.234674386525903 -0.581108040101456
1653339874.127755 -75.49924562021006 -9.245890508019341 -0.5803958124933325
1653339874.227755 -75.59752669690005 -9.256965178315582 -0.5800227263502464
1653339874.327755 -75.69580777359005 -9.268039848611826 -0.5796496402071604
1653339874.4277549 -75.79408885028003 -9.279114518908067 -0.5792765540640744
1653339874.527755 -75.89238506819338 -9.290186049772602 -0.5789041428608025
1653339874.627755 -75.99246073326431 -9.300888624133238 -0.5786110528396438
1653339874.727755 -76.09253639833526 -9.311591198493874 -0.578317962818485
1653339874.827755 -76.1926120634062 -9.32229377285451 -0.5780248727973263
1653339874.9277549 -76.29269035650599 -9.332996363347053 -0.577729435886708
1653339875.027755 -76.39312467166742 -9.34370113924752 -0.5771160631868146
1653339875.127755 -76.49355898682884 -9.354405915147986 -0.5765026904869215
1653339875.227755 -76.59399330199027 -9.36511069104845 -0.5758893177870282
1653339875.327755 -76.69440911773845 -9.375819980985671 -0.5752780440712195
1653339875.4277549 -76.79316721421324 -9.386933770548115 -0.5748548588274144
1653339875.527755 -76.89192531068805 -9.39804756011056 -0.5744316735836091
1653339875.627755 -76.99068340716283 -9.409161349673006 -0.574008488339804
1653339875.727755 -77.08944746469706 -9.420274223980707 -0.5735822067494778
1653339875.827755 -77.18872932720598 -9.431307595061648 -0.5728869622925304
1653339875.9277549 -77.28801118971488 -9.442340966142588 -0.5721917178355832
1653339876.027755 -77.38729305222378 -9.45337433722353 -0.5714964733786358
1653339876.127755 -77.48658473614617 -9.46441140892032 -0.5708028692096918
1653339876.227755 -77.58664883240728 -9.475739518291975 -0.5702382667058231
1653339876.327755 -77.6867129286684 -9.487067627663631 -0.5696736642019543
1653339876.4277549 -77.7867770249295 -9.498395737035285 -0.5691090616980856
1653339876.527755 -77.88684112119063 -9.509723846406942 -0.5685444591942168
1653339876.627755 -77.98615711001327 -9.52213567359154 -0.5684148230795392
1653339876.727755 -78.08547305923729 -9.534547558139193 -0.5682852099883834
1653339876.827755 -78.18478900846132 -9.54695944268685 -0.5681555968972276
1653339876.9277549 -78.28410495768534 -9.559371327234503 -0.5680259838060718
1653339877.027755 -78.38542350123764 -9.571943642109634 -0.5676819957233039
1653339877.127755 -78.48674378710795 -9.584516096564036 -0.5673378211277688
1653339877.227755 -78.58806407297826 -9.597088551018434 -0.5669936465322337
1653339877.327755 -78.68935589026185 -9.609663844461139 -0.5666483950951007
1653339877.4277549 -78.78831217084289 -9.622472045896298 -0.5662148005624849
1653339877.527755 -78.88726845142394 -9.635280247331458 -0.5657812060298689
1653339877.627755 -78.98622473200498 -9.64808844876662 -0.565347611497253
1653339877.727755 -79.08518101258602 -9.66089665020178 -0.5649140169646372
1653339877.827755 -79.18380628131759 -9.67494075850348 -0.5647113461492227
1653339877.9277549 -79.28243117048571 -9.688986283990184 -0.5645089401285421
1653339878.027755 -79.38105605965384 -9.70303180947689 -0.5643065341078615
1653339878.127755 -79.47968094882198 -9.717077334963596 -0.5641041280871809
1653339878.227755 -79.57942572283231 -9.73295181508893 -0.5638901383639677
1653339878.327755 -79.6791845957213 -9.748849320983089 -0.563676002806817
1653339878.4277549 -79.77894346861027 -9.764746826877248 -0.5634618672496661
1653339878.527755 -79.87870198131914 -9.780644562039228 -0.563247725113668
1653339878.627755 -79.9769161662462 -9.797525318385748 -0.5630053751538996
1653339878.727755 -80.07513035117324 -9.814406074732267 -0.5627630251941313
1653339878.827755 -80.1733445361003 -9.831286831078787 -0.5625206752343629
1653339878.9277549 -80.2715585085002 -9.84816773002121 -0.5622783986151438
1653339879.027755 -80.36871652814713 -9.865757124492 -0.5624005185123894
1653339879.127755 -80.46587454779409 -9.88334651896279 -0.5625226384096349
1653339879.227755 -80.56303256744103 -9.900935913433578 -0.5626447583068803
1653339879.327755 -80.66019058708797 -9.918525307904371 -0.5627668782041259
1653339879.4277549 -80.75957862390534 -9.93640339694443 -0.5617434722989092
1653339879.527755 -80.85896678833262 -9.954281502504669 -0.5607200008424293
1653339879.627755 -80.95835495275992 -9.972159608064912 -0.5596965293859494
1653339879.727755 -81.0577431171872 -9.990037713625151 -0.5586730579294695
1653339879.827755 -81.1552633581203 -10.007755642002689 -0.5578906551940532
1653339879.9277549 -81.25275935361792 -10.025471491298527 -0.5571113815033425
1653339880.027755 -81.35025534911553 -10.043187340594365 -0.5563321078126316
1653339880.127755 -81.44775134461315 -10.060903189890206 -0.5555528341219208
1653339880.227755 -81.53933567488089 -10.077819959418221 -0.5547635080936211
1653339880.327755 -81.6309091493925 -10.094735261573723 -0.5539741636059327
1653339880.4277549 -81.7224826239041 -10.111650563729222 -0.5531848191182444
1653339880.527755 -81.8140070413143 -10.128567493343692 -0.5523952445925874
1653339880.627755 -81.89031412640055 -10.145989254741375 -0.5515343131355671
1653339880.727755 -81.96662121148681 -10.163411016139055 -0.5506733816785471
1653339880.827755 -82.04292829657307 -10.180832777536738 -0.5498124502215268
1653339880.9277549 -82.11927320818054 -10.198254529606702 -0.5489542684199543
1653339881.027755 -82.20594725153236 -10.215673734595638 -0.5488469236620341
1653339881.127755 -82.29262129488419 -10.233092939584578 -0.548739578904114
1653339881.227755 -82.379295338236 -10.250512144573513 -0.5486322341461938
1653339881.327755 -82.46601945001716 -10.267913879455358 -0.5485245938999946
1653339881.4277549 -82.56625076989525 -10.280602617041666 -0.5483372383176391
1653339881.527755 -82.66648208977333 -10.293291354627971 -0.5481498827352836
1653339881.627755 -82.76671340965142 -10.30598009221428 -0.5479625271529281
1653339881.727755 -82.86693981423885 -10.318661712458857 -0.5477766485864218
1653339881.827755 -82.96584242676448 -10.329426481568117 -0.5479885617256822
1653339881.9277549 -83.06474503929012 -10.340191250677375 -0.5482004748649426
1653339882.027755 -83.16364765181575 -10.350956019786633 -0.548412388004203
1653339882.127755 -83.2625511754794 -10.361720572926458 -0.5486237156606648
1653339882.227755 -83.36168951399343 -10.372429467284627 -0.5486841550246978
1653339882.327755 -83.46082785250746 -10.383138361642798 -0.5487445943887309
1653339882.4277549 -83.5599661910215 -10.393847256000965 -0.5488050337527639
1653339882.527755 -83.65910904427909 -10.404564859070693 -0.5488613371279814
1653339882.627755 -83.7591360728152 -10.416987991448428 -0.5481076412172756
1653339882.727755 -83.85916310135129 -10.429411123826162 -0.5473539453065699
1653339882.827755 -83.95919012988739 -10.441834256203897 -0.5466002493958642
1653339882.9277549 -84.05921687689387 -10.454264122563297 -0.545844704790945
1653339883.027755 -84.1591569140662 -10.468768024517868 -0.5445197708122496
1653339883.127755 -84.25909695123855 -10.483271926472439 -0.5431948368335537
1653339883.227755 -84.35903698841089 -10.49777582842701 -0.5418699028548581
1653339883.327755 -84.45897627526969 -10.512278818819087 -0.5405475553040716
1653339883.4277549 -84.55871102587018 -10.526533316323873 -0.5399302707008279
1653339883.527755 -84.65844577647067 -10.540787813828658 -0.5393129860975842
1653339883.627755 -84.75818052707118 -10.555042311333446 -0.5386957014943403
1653339883.727755 -84.85791513876839 -10.569298400093702 -0.538079410965544
1653339883.827755 -84.95758674146526 -10.584276310690548 -0.5379140503197574
1653339883.9277549 -85.05725834416214 -10.599254221287392 -0.5377486896739708
1653339884.027755 -85.15692994685901 -10.614232131884236 -0.5375833290281843
1653339884.127755 -85.2565988226379 -10.629215673348368 -0.5374180541388084
1653339884.227755 -85.35523178357809 -10.646338296003218 -0.537285356810901
1653339884.327755 -85.45386474451828 -10.663460918658071 -0.5371526594829935
1653339884.4277549 -85.55249770545846 -10.680583541312922 -0.5370199621550861
1653339884.527755 -85.65112453803565 -10.69772252409055 -0.5368844202241865
1653339884.627755 -85.74817745118649 -10.719063202339283 -0.5360183119232182
1653339884.727755 -85.84523036433733 -10.740403880588016 -0.5351522036222502
1653339884.827755 -85.94228327748816 -10.761744558836751 -0.5342860953212821
1653339884.9277549 -86.03930253367342 -10.783093878223093 -0.5334221210880327
1653339885.027755 -86.12983319837944 -10.806109087891395 -0.5329695652158367
1653339885.127755 -86.2203638630855 -10.829124297559698 -0.5325170093436408
1653339885.227755 -86.31089452779153 -10.852139507228 -0.5320644534714449
1653339885.327755 -86.40141405506579 -10.875153307329343 -0.5316141882653574
1653339885.4277549 -86.48971281462504 -10.897886044358561 -0.5316206744391118
1653339885.527755 -86.5780115741843 -10.920618781387779 -0.5316271606128662
1653339885.627755 -86.66631033374357 -10.943351518416998 -0.5316336467866205
1653339885.727755 -86.75461147290804 -10.966069173788117 -0.5316396618375957
1653339885.827755 -86.84343180372835 -10.985496253475468 -0.5315428854613119
1653339885.9277549 -86.93225213454865 -11.004923333162816 -0.5314461090850281
1653339886.027755 -87.02107246536895 -11.024350412850165 -0.5313493327087443
1653339886.127755 -87.10994450396824 -11.043770628745103 -0.5312514811551424
1653339886.227755 -87.20936390351002 -11.06179076717674 -0.5309343147619427
1653339886.327755 -87.30878330305181 -11.07981090560838 -0.5306171483687431
1653339886.4277549 -87.4082027025936 -11.097831044040017 -0.5302999819755434
1653339886.527755 -87.50761772025218 -11.115846632322336 -0.5299840295289764
1653339886.627755 -87.6061069168295 -11.132900847609578 -0.5299245643817135
1653339886.727755 -87.70459611340682 -11.149955062896819 -0.5298650992344506
1653339886.827755 -87.80308530998414 -11.167009278184063 -0.5298056340871877
1653339886.9277549 -87.9015725783544 -11.184066639387833 -0.5297463763086971
1653339887.027755 -87.99962041460952 -11.201840944736755 -0.5297343771989488
1653339887.127755 -88.09766825086466 -11.21961525008568 -0.5297223780892004
1653339887.227755 -88.19571608711978 -11.2373895554346 -0.529710378979452
1653339887.327755 -88.29376427082697 -11.255166390276797 -0.5296983120662174
1653339887.4277549 -88.39188753770017 -11.27348983971233 -0.529671593058272
1653339887.527755 -88.49001080457339 -11.29181328914786 -0.5296448740503267
1653339887.627755 -88.5881340714466 -11.310136738583395 -0.5296181550423813
1653339887.727755 -88.68624852010255 -11.32846232117285 -0.5295898930133007
1653339887.827755 -88.78248145252394 -11.34724304833668 -0.5292324012505696
1653339887.9277549 -88.87871438494533 -11.366023775500507 -0.5288749094878384
1653339888.027755 -88.9749473173667 -11.384804502664332 -0.5285174177251074
1653339888.127755 -89.07119231220128 -11.40357571487113 -0.5281602544180882
1653339888.227755 -89.16987031652928 -11.420427743874054 -0.5278693411932757
1653339888.327755 -89.26854832085732 -11.437279772876982 -0.5275784279684631
1653339888.4277549 -89.36722632518533 -11.454131801879907 -0.5272875147436505
1653339888.527755 -89.46589437554546 -11.470971067807923 -0.5269965750351745
1653339888.627755 -89.56261210344613 -11.485309611218623 -0.5267004462719903
1653339888.727755 -89.65932983134678 -11.49964815462932 -0.5264043175088061
1653339888.827755 -89.75604755924745 -11.51398669804002 -0.5261081887456219
1653339888.9277549 -89.85277322561369 -11.528314472190228 -0.5258153988415185
1653339889.027755 -89.95070952831946 -11.540999906526505 -0.5260317935008915
1653339889.127755 -90.04864583102525 -11.553685340862785 -0.5262481881602645
1653339889.227755 -90.14658213373103 -11.566370775199063 -0.5264645828196375
1653339889.327755 -90.24451372603252 -11.579047137339069 -0.5266828153284325
1653339889.4277549 -90.34182913409656 -11.59053673417963 -0.5271414632619242
1653339889.527755 -90.43914454216059 -11.602026331020188 -0.527600111195416
1653339889.627755 -90.53645995022463 -11.613515927860748 -0.5280587591289078
1653339889.727755 -90.63379860473293 -11.625009545961143 -0.5285096906044014
1653339889.827755 -90.73413960251636 -11.637022521012542 -0.5279640199551247
1653339889.9277549 -90.8344806002998 -11.649035496063943 -0.5274183493058477
1653339890.027755 -90.93482159808322 -11.661048471115341 -0.526872678656571
1653339890.127755 -91.03516344124236 -11.67306004664851 -0.5263240996785524
1653339890.227755 -91.13561940442125 -11.684882696658965 -0.5253829159343189
1653339890.327755 -91.23607536760015 -11.696705346669422 -0.5244417321900853
1653339890.4277549 -91.33653133077907 -11.708527996679878 -0.5235005484458515
1653339890.527755 -91.43697247871827 -11.720341290447653 -0.5225683757626212
1653339890.627755 -91.53572775715607 -11.731089909966698 -0.522661598094564
1653339890.727755 -91.63448303559386 -11.74183852948574 -0.5227548204265068
1653339890.827755 -91.73323831403164 -11.752587149004784 -0.5228480427584496
1653339890.9277549 -91.83200705408869 -11.76333823700142 -0.5229357310375032
1653339891.027755 -91.93240682846397 -11.774388410240956 -0.522352903384882
1653339891.127755 -92.03280660283924 -11.785438583480493 -0.5217700757322608
1653339891.227755 -92.13320637721452 -11.796488756720029 -0.5211872480796395
1653339891.327755 -92.23359408568473 -11.807537945638018 -0.5206067194404923
1653339891.4277549 -92.33258964047369 -11.818473564387995 -0.5202914489857248
1653339891.527755 -92.43158519526264 -11.829409183137972 -0.5199761785309572
1653339891.627755 -92.5305807500516 -11.840344801887952 -0.5196609080761897
1653339891.727755 -92.62957472461072 -11.851280748478286 -0.5193491735074596
1653339891.827755 -92.72838381779185 -11.862255051246745 -0.5194511252704014
1653339891.9277549 -92.82719291097301 -11.873229354015205 -0.5195530770333431
1653339892.027755 -92.92600200415414 -11.884203656783663 -0.5196550287962849
1653339892.127755 -93.02482845212717 -11.895180721670743 -0.519749431819509
1653339892.227755 -93.12579291878319 -11.906498064980694 -0.5189138699855843
1653339892.327755 -93.2267573854392 -11.917815408290643 -0.5180783081516597
1653339892.4277549 -93.32772185209524 -11.929132751600596 -0.5172427463177348
1653339892.527755 -93.4286750002048 -11.940452882386309 -0.5164095934717211
1653339892.627755 -93.52828917888453 -11.952102767955166 -0.5158614207848182
1653339892.727755 -93.62790335756426 -11.963752653524022 -0.5153132480979155
1653339892.827755 -93.72751753624398 -11.975402539092878 -0.5147650754110127
1653339892.9277549 -93.82713553665496 -11.987058583749652 -0.5142145378586918
1653339893.027755 -93.92720478865682 -11.999441863796264 -0.5133847684058656
1653339893.127755 -94.02727404065868 -12.011825143842877 -0.5125549989530392
1653339893.227755 -94.12734329266054 -12.024208423889489 -0.511725229500213
1653339893.327755 -94.22739221393756 -12.03658535372082 -0.5109059981725408
1653339893.4277549 -94.32502090381861 -12.048206334587412 -0.5113412573541398
1653339893.527755 -94.42264959369966 -12.059827315454005 -0.5117765165357389
1653339893.627755 -94.52027828358072 -12.071448296320597 -0.5122117757173379
1653339893.727755 -94.61792176028024 -12.083070380978926 -0.5126457913566795
1653339893.827755 -94.71726107493825 -12.094819054864642 -0.5129371903698992
1653339893.9277549 -94.81660038959626 -12.106567728750361 -0.5132285893831189
1653339894.027755 -94.91593970425427 -12.118316402636077 -0.5135199883963385
1653339894.127755 -95.01527560893823 -12.130070426349914 -0.5138077124398491
1653339894.227755 -95.11421103599218 -12.142452750000531 -0.513663836965581
1653339894.327755 -95.21314646304613 -12.15483507365115 -0.513519961491313
1653339894.4277549 -95.3120818901001 -12.167217397301767 -0.5133760860170449
1653339894.527755 -95.41103094664908 -12.179609385885575 -0.5132270732936566
1653339894.627755 -95.51177611935034 -12.193275034467817 -0.5124010658536242
1653339894.727755 -95.6125212920516 -12.206940683050057 -0.511575058413592
1653339894.827755 -95.71326646475285 -12.220606331632295 -0.5107490509735598
1653339894.9277549 -95.8139863706676 -12.234264337316104 -0.5099299985224457
1653339895.027755 -95.91174830432728 -12.247027592038599 -0.509925163749912
1653339895.127755 -96.00951023798696 -12.259790846761097 -0.5099203289773785
1653339895.227755 -96.10727217164661 -12.272554101483593 -0.5099154942048449
1653339895.327755 -96.20504065369265 -12.285315944119757 -0.5099117035932526
1653339895.4277549 -96.30360544976436 -12.297906070536138 -0.5100348877746008
1653339895.527755 -96.40217024583607 -12.310496196952519 -0.5101580719559491
1653339895.627755 -96.50073504190779 -12.3230863233689 -0.5102812561372975
1653339895.727755 -96.5993296475961 -12.335672288640126 -0.5103943947255328
1653339895.827755 -96.70085613104163 -12.34784899105218 -0.5095195148701009
1653339895.9277549 -96.80238261448719 -12.360025693464237 -0.5086446350146689
1653339896.027755 -96.90390909793273 -12.372202395876291 -0.5077697551592371
1653339896.127755 -97.00540336302446 -12.384385939901302 -0.5069006565946973
1653339896.227755 -97.10363487011486 -12.397262335197961 -0.5066170303117555
1653339896.327755 -97.20186637720526 -12.41013873049462 -0.5063334040288139
1653339896.4277549 -97.30009788429568 -12.423015125791279 -0.5060497777458721
1653339896.527755 -97.39833382392801 -12.43589919240593 -0.5057635203991515
1653339896.627755 -97.49700768916757 -12.44954116873763 -0.5052173196103542
1653339896.727755 -97.59568155440712 -12.463183145069328 -0.5046711188215569
1653339896.827755 -97.69435541964668 -12.476825121401026 -0.5041249180327596
1653339896.9277549 -97.79303523874091 -12.490466706372596 -0.5035766165227961
1653339897.027755 -97.89230818939615 -12.504069303485526 -0.5028190381505061
1653339897.127755 -97.9915811400514 -12.517671900598456 -0.5020614597782159
1653339897.227755 -98.09085409070663 -12.531274497711387 -0.501303881405926
1653339897.327755 -98.19013285193037 -12.544873354365263 -0.5005441109696893
1653339897.4277549 -98.290031349062 -12.558073266099184 -0.4995505422847741
1653339897.527755 -98.38992984619362 -12.5712731778331 -0.49855697359985895
1653339897.627755 -98.48982834332526 -12.584473089567021 -0.49756340491494366
1653339897.727755 -98.5897231101973 -12.597672340926037 -0.4965744267362169
1653339897.827755 -98.68922776343273 -12.610802529730464 -0.4960655274987208
1653339897.9277549 -98.78873241666817 -12.623932718534892 -0.49555662826122465
1653339898.027755 -98.88823706990361 -12.637062907339319 -0.49504772902372857
1653339898.127755 -98.98773386088733 -12.65020066648955 -0.4945410556110418
1653339898.227755 -99.08640874526857 -12.664129816888206 -0.4942670661893929
1653339898.327755 -99.18508362964981 -12.678058967286864 -0.493993076767744
1653339898.4277549 -99.28375851403106 -12.691988117685524 -0.4937190873460951
1653339898.527755 -99.38244735337369 -12.705925208524361 -0.493446433630579
1653339898.627755 -99.48255234307092 -12.720668095729453 -0.49330932745696365
1653339898.727755 -99.58265733276812 -12.735410982934543 -0.49317222128334837
1653339898.827755 -99.68276232246534 -12.75015387013963 -0.4930351151097331
1653339898.9277549 -99.78284347922887 -12.764899893805163 -0.49290142875092524
1653339899.027755 -99.88047683978147 -12.779968052214334 -0.4931189794590855
1653339899.127755 -99.97811020033406 -12.795036210623508 -0.4933365301672458
1653339899.227755 -100.07574356088664 -12.810104369032679 -0.49355408087540614
1653339899.327755 -100.17337692143923 -12.82517252744185 -0.49377163158356646
1653339899.4277549 -100.27349405992027 -12.840028066412868 -0.49367327946935924
1653339899.527755 -100.37361732476033 -12.854883080947701 -0.49357414816547845
1653339899.627755 -100.47374058960041 -12.869738095482537 -0.49347501686159767
1653339899.727755 -100.57384815336161 -12.884591072491583 -0.49337601048474644
1653339899.827755 -100.67259098182376 -12.899266948080465 -0.4932878627456108
1653339899.9277549 -100.77133381028591 -12.913942823669347 -0.4931997150064752
1653339900.027755 -100.87007663874806 -12.928618699258228 -0.49311156726733957
1653339900.127755 -100.96881940679408 -12.943294630228888 -0.4930234072560566
1653339900.227755 -101.06682128899028 -12.958649710510702 -0.4927847533274133
1653339900.327755 -101.16482317118648 -12.974004790792518 -0.49254609939877
1653339900.4277549 -101.2628250533827 -12.989359871074337 -0.4923074454701266
1653339900.527755 -101.36082686727232 -13.004714990432703 -0.49206858343346493
1653339900.627755 -101.45837254158033 -13.020331056271047 -0.4904400118371444
1653339900.727755 -101.55591821588833 -13.035947122109388 -0.4888114402408241
1653339900.827755 -101.65346389019632 -13.05156318794773 -0.48718286864450383
1653339900.9277549 -101.75100956450433 -13.067179253786074 -0.4855542970481833
1653339901.027755 -101.7754503461827 -13.071731899196857 -0.4850721522930725
1653339901.127755 -101.79984620171044 -13.076277745652405 -0.4845907120673451
1653339901.227755 -101.82424205723818 -13.080823592107953 -0.48410927184161784
1653339901.327755 -101.84863791276592 -13.0853694385635 -0.48362783161589057
1653339901.4277549 -101.84804184236756 -13.085393833899195 -0.48392624025132386
1653339901.527755 -101.84743510162977 -13.085416298794703 -0.48422498184437207
1653339901.627755 -101.84682836089199 -13.085438763690211 -0.48452372343742034
1653339901.727755 -101.8462216201542 -13.085461228585721 -0.4848224650304686
1653339901.827755 -101.8456148794164 -13.08548369348123 -0.4851212066235169
1653339901.9277549 -101.84500813867862 -13.085506158376738 -0.48541994821656514
1653339902.027755 -101.84440139794083 -13.085528623272246 -0.48571868980961336
1653339902.127755 -101.84379465720303 -13.085551088167756 -0.4860174314026617
1653339902.227755 -101.84388894927383 -13.085578267719027 -0.48609172927205746
1653339902.327755 -101.84398341320589 -13.085605448426119 -0.4861659721180902
1653339902.4277549 -101.84407787713795 -13.08563262913321 -0.4862402149641229
1653339902.527755 -101.84417234064043 -13.085659813815669 -0.4863144406546723
1653339902.627755 -101.84426190836285 -13.085732304033549 -0.48619315276005726
1653339902.727755 -101.8443514760853 -13.085804794251427 -0.48607186486544224
1653339902.827755 -101.84444104380773 -13.085877284469307 -0.4859505769708272
1653339902.9277549 -101.84453060471327 -13.08594977792288 -0.4858293076466764
1653339903.027755 -101.84454939981757 -13.086055860905343 -0.4859008172090601
1653339903.127755 -101.84456819492186 -13.086161943887808 -0.48597232677144375
1653339903.227755 -101.84458699002616 -13.086268026870272 -0.4860438363338274
1653339903.327755 -101.84460647548666 -13.086374202105548 -0.4861153645248308
1653339903.4277549 -101.85841366955725 -13.08832283910139 -0.4865589412040313
1653339903.527755 -101.87222086362785 -13.090271476097234 -0.48700251788323173
1653339903.627755 -101.88602805769844 -13.092220113093076 -0.4874460945624322
1653339903.727755 -101.8998368029298 -13.094168983143641 -0.4878896618727502
1653339903.827755 -101.98929562294624 -13.10748392669687 -0.4878763089952014
1653339903.9277549 -102.07875444296269 -13.120798870250104 -0.4878629561176526
1653339904.027755 -102.16821326297914 -13.134113813803335 -0.48784960324010385
1653339904.127755 -102.2576746900728 -13.147429061241448 -0.4878361683462576
1653339904.227755 -102.35743000207462 -13.16194417954151 -0.4874988971212509
1653339904.327755 -102.45718531407641 -13.176459297841571 -0.4871616258962443
1653339904.4277549 -102.55694062607823 -13.190974416141634 -0.4868243546712376
1653339904.527755 -102.65669593808002 -13.205489534441696 -0.486487083446231
1653339904.627755 -102.75530902945474 -13.219661953219706 -0.4864952075415178
1653339904.727755 -102.85392192145157 -13.233834312178535 -0.48650339192654685
1653339904.827755 -102.95253481344841 -13.248006671137363 -0.4865115763115759
1653339904.9277549 -103.05114770544525 -13.262179030096194 -0.4865197606966049
1653339905.027755 -103.14931760823167 -13.275946758977847 -0.4866727208935781
1653339905.127755 -103.24748732970538 -13.289714322246946 -0.4868257403463841
1653339905.227755 -103.3456570511791 -13.303481885516048 -0.48697875979919014
1653339905.327755 -103.44382677265281 -13.317249448785146 -0.48713177925199613
1653339905.4277549 -103.54193549019253 -13.331526593547244 -0.48705412924324715
1653339905.527755 -103.64004419187462 -13.345803870771888 -0.4869764192734007
1653339905.627755 -103.73815289355672 -13.360081147996535 -0.4868987093035542
1653339905.727755 -103.83626159523884 -13.374358425221184 -0.48682099933370776
1653339905.827755 -103.9364666502844 -13.39022351049444 -0.48570094389560675
1653339905.9277549 -104.03667460022075 -13.406090788399407 -0.48457944906454825
1653339906.027755 -104.13688255015707 -13.42195806630437 -0.4834579542334899
1653339906.127755 -104.2370905000934 -13.437825344209333 -0.48233645940243164
1653339906.227755 -104.3357459704061 -13.454406859194481 -0.4816257854358645
1653339906.327755 -104.43439900953949 -13.47098949267315 -0.4809157548137672
1653339906.4277549 -104.53305204867289 -13.48757212615182 -0.4802057241916698
1653339906.527755 -104.63170508780628 -13.504154759630488 -0.4794956935695725
1653339906.627755 -104.72961659280091 -13.519327612341096 -0.47964515158038834
1653339906.727755 -104.82752684893381 -13.534498090756111 -0.47979605710710255
1653339906.827755 -104.92543710506672 -13.549668569171123 -0.4799469626338167
1653339906.9277549 -105.02334736119964 -13.564839047586139 -0.48009786816053085
1653339907.027755 -105.12378593418214 -13.57914351698984 -0.4798740205569008
1653339907.127755 -105.22422887049811 -13.593446491847434 -0.479649526209618
1653339907.227755 -105.3246718068141 -13.607749466705032 -0.47942503186233515
1653339907.327755 -105.42511474313007 -13.622052441562628 -0.4792005375150523
1653339907.4277549 -105.523913478843 -13.636795947791438 -0.47890228536282975
1653339907.527755 -105.6227097411906 -13.651540116710072 -0.4786039222569951
1653339907.627755 -105.72150600353821 -13.666284285628706 -0.47830555915116046
1653339907.727755 -105.82030226588584 -13.68102845454734 -0.47800719604532577
1653339907.827755 -105.91862019336784 -13.696055790945358 -0.47807421368843445
1653339907.9277549 -106.01693747517515 -13.711083509573674 -0.47814172453645515
1653339908.027755 -106.11525475698245 -13.726111228201988 -0.4782092353844759
1653339908.127755 -106.21357203878975 -13.741138946830302 -0.4782767462324966
1653339908.227755 -106.31271314947331 -13.756786873773107 -0.47793648340630757
1653339908.327755 -106.41185538873646 -13.772435650351634 -0.4775956619628392
1653339908.4277549 -106.51099762799961 -13.788084426930164 -0.47725484051937084
1653339908.527755 -106.61013528537178 -13.803736884291862 -0.4769103592339511
1653339908.627755 -106.70881586797053 -13.819756524798137 -0.47620078383312997
1653339908.727755 -106.80749645056927 -13.835776165304415 -0.4754912084323088
1653339908.827755 -106.90617703316802 -13.85179580581069 -0.47478163303148774
1653339908.9277549 -107.00485761576678 -13.867815446316968 -0.47407205763066657
1653339909.027755 -107.10332153392775 -13.883722713592524 -0.4734758725930587
1653339909.127755 -107.20178490594262 -13.899629697608844 -0.4728799733785721
1653339909.227755 -107.3002482779575 -13.915536681625166 -0.47228407416408547
1653339909.327755 -107.39871653435391 -13.931437391299134 -0.4716848979288827
1653339909.4277549 -107.49765700420554 -13.946731508542586 -0.4707689050698102
1653339909.527755 -107.59659747405713 -13.962025625786035 -0.4698529122107378
1653339909.627755 -107.69553794390875 -13.977319743029485 -0.4689369193516654
1653339909.727755 -107.7944641714743 -13.99262629083476 -0.4680230615789205
1653339909.827755 -107.89200552952744 -14.0091415424978 -0.4673168120476566
1653339909.9277549 -107.98954688758059 -14.025656794160842 -0.46661056251639266
1653339910.027755 -108.08708824563372 -14.04217204582388 -0.46590431298512874
1653339910.127755 -108.18462960368684 -14.05868729748692 -0.4651980634538649
1653339910.227755 -108.28550583166214 -14.076770399528671 -0.4637605063032534
1653339910.327755 -108.38638967651231 -14.094857082555723 -0.4623212788390253
1653339910.4277549 -108.48727352136248 -14.112943765582779 -0.460882051374797
1653339910.527755 -108.58815736621266 -14.131030448609831 -0.4594428239105689
1653339910.627755 -108.68634993821712 -14.147265328871375 -0.4598323437676758
1653339910.727755 -108.78453893662848 -14.163497750225934 -0.4602242919177173
1653339910.827755 -108.88272793503982 -14.17973017158049 -0.46061624006775875
1653339910.9277549 -108.98091693345118 -14.195962592935047 -0.46100818821780026
1653339911.027755 -109.07645509463187 -14.210960253228471 -0.461881158068587
1653339911.127755 -109.17198531555673 -14.225954214947498 -0.46275556876052404
1653339911.227755 -109.2675155364816 -14.240948176666526 -0.4636299794524612
1653339911.327755 -109.36304575740645 -14.255942138385553 -0.4645043901443982
1653339911.4277549 -109.45038366666013 -14.270384457661073 -0.4639869367588462
1653339911.527755 -109.5376263972116 -14.284820367926054 -0.46345331262420264
1653339911.627755 -109.62486912776306 -14.299256278191034 -0.46291968848955906
1653339911.727755 -109.71210756624819 -14.31369177181325 -0.4623866423697727
1653339911.827755 -109.79400204038168 -14.327608512018516 -0.46257327076893984
1653339911.9277549 -109.87589651451519 -14.341525252223784 -0.46275989916810706
1653339912.027755 -109.9577909886487 -14.355441992429048 -0.46294652756727417
1653339912.127755 -110.03969638403917 -14.369356493788008 -0.4631329220587754
1653339912.227755 -110.13829657366522 -14.379848579718049 -0.4629617532809416
1653339912.327755 -110.23689676329124 -14.39034066564809 -0.46279058450310784
1653339912.4277549 -110.33549695291727 -14.40083275157813 -0.46261941572527404
1653339912.527755 -110.4340971425433 -14.41132483750817 -0.46244824694744024
1653339912.627755 -110.53338946342309 -14.418929230914436 -0.46242284391684496
1653339912.727755 -110.63268189851347 -14.426533147814238 -0.4623974649394757
1653339912.827755 -110.73197433360383 -14.43413706471404 -0.4623720859621064
1653339912.9277549 -110.83126676869422 -14.441740981613842 -0.4623467069847371
1653339913.027755 -110.93062933077992 -14.448732756220082 -0.4620091057510191
1653339913.127755 -111.02999191537741 -14.455724334319816 -0.46167140428945314
1653339913.227755 -111.12935449997491 -14.46271591241955 -0.46133370282788705
1653339913.327755 -111.2287170845724 -14.469707490519285 -0.4609960013663211
1653339913.4277549 -111.3294089691214 -14.476888168941061 -0.4601051487149986
1653339913.527755 -111.43010133874996 -14.484068916368104 -0.4592140942113176
1653339913.627755 -111.53079370837851 -14.491249663795147 -0.4583230397076366
1653339913.727755 -111.63148607800709 -14.498430411222191 -0.45743198520395556
1653339913.827755 -111.73078524718719 -14.505176274391758 -0.4568953130672536
1653339913.9277549 -111.83008271560244 -14.51192160667156 -0.45635907354674354
1653339914.027755 -111.92938018401769 -14.51866693895136 -0.4558228340262335
1653339914.127755 -112.02867765243295 -14.525412271231161 -0.4552865945057235
1653339914.227755 -112.1261258502994 -14.532601418825896 -0.4555949230390023
1653339914.327755 -112.22356931491986 -14.539791702375055 -0.45590541326158396
1653339914.4277549 -112.32101277954033 -14.546981985924216 -0.4562159034841657
1653339914.527755 -112.41845624416078 -14.554172269473376 -0.45652639370674736
1653339914.627755 -112.51897213413348 -14.562329010718688 -0.4557079665538572
1653339914.727755 -112.61949682634587 -14.570488520783837 -0.45488630514784284
1653339914.827755 -112.72002151855823 -14.578648030848985 -0.45406464374182864
1653339914.9277549 -112.8205462107706 -14.586807540914133 -0.45324298233581445
1653339915.027755 -112.92117904995573 -14.594512568966397 -0.4527035078080873
1653339915.127755 -113.02181218118625 -14.602216369713139 -0.4521647953116491
1653339915.227755 -113.12244531241677 -14.609920170459882 -0.4516260828152108
1653339915.327755 -113.22307844364728 -14.617623971206623 -0.45108737031877266
1653339915.4277549 -113.32341122437262 -14.624626140934927 -0.4507234462492622
1653339915.527755 -113.42374313756096 -14.63162628406143 -0.45036002704132716
1653339915.627755 -113.52407505074929 -14.638626427187932 -0.4499966078333922
1653339915.727755 -113.62440696393763 -14.645626570314432 -0.44963318862545715
1653339915.827755 -113.72350049654224 -14.652997363154189 -0.44939237009324784
1653339915.9277549 -113.82259061430892 -14.660369178061568 -0.4491518896327456
1653339916.027755 -113.92168073207563 -14.667740992968948 -0.4489114091722433
1653339916.127755 -114.02077084984231 -14.675112807876328 -0.448670928711741
1653339916.227755 -114.12169661062231 -14.683454687353613 -0.44787989442302195
1653339916.327755 -114.22262923659811 -14.69180019481476 -0.44708680109569165
1653339916.4277549 -114.32356186257391 -14.700145702275908 -0.4462937077683614
1653339916.527755 -114.42448762237058 -14.708493806781412 -0.44550201173326587
1653339916.627755 -114.52458131678493 -14.717156629365387 -0.4448796440063226
1653339916.727755 -114.62467501119929 -14.725819451949361 -0.4442572762793792
1653339916.827755 -114.72476870561364 -14.734482274533335 -0.4436349085524359
1653339916.9277549 -114.82486208347139 -14.743147791223413 -0.4430125994729232
1653339917.027755 -114.92491906362224 -14.75212307647754 -0.4423970336802953
1653339917.127755 -115.0249760437731 -14.761098361731666 -0.44178146788766753
1653339917.227755 -115.12503302392396 -14.770073646985795 -0.44116590209503964
1653339917.327755 -115.22508049831754 -14.779052856235237 -0.4405556291999631
1653339917.4277549 -115.32403487792278 -14.788483297165673 -0.44055400205145795
1653339917.527755 -115.42298925752804 -14.79791373809611 -0.44055237490295274
1653339917.627755 -115.52194363713329 -14.807344179026545 -0.4405507477544476
1653339917.727755 -115.6209025430978 -14.816772321242652 -0.44054644060500886
1653339917.827755 -115.72039571617272 -14.825929135577786 -0.44022580055390675
1653339917.9277549 -115.81988888924762 -14.83508594991292 -0.43990516050280465
1653339918.027755 -115.91938206232255 -14.844242764248055 -0.4395845204517025
1653339918.127755 -116.01887057390384 -14.853384980860895 -0.4392656114822174
1653339918.227755 -116.11782397221863 -14.860851461006689 -0.4391454209521481
1653339918.327755 -116.21677737053342 -14.868317941152483 -0.43902523042207886
1653339918.4277549 -116.31573076884821 -14.875784421298277 -0.4389050398920096
1653339918.527755 -116.41468416716302 -14.883250901444072 -0.4387848493619403
1653339918.627755 -116.51317532012236 -14.89281220117175 -0.4384142598443385
1653339918.727755 -116.61166466946271 -14.902381674602752 -0.4380426933036775
1653339918.827755 -116.71015401880305 -14.911951148033753 -0.4376711267630166
1653339918.9277549 -116.8086433681434 -14.921520621464753 -0.43729956022235567
1653339919.027755 -116.907369098875 -14.93758830799729 -0.4367318655129364
1653339919.127755 -117.00609540732911 -14.953671876338717 -0.43616369146095857
1653339919.227755 -117.10482171578325 -14.969755444680146 -0.4355955174089806
1653339919.327755 -117.20354802423736 -14.985839013021575 -0.4350273433570028
1653339919.4277549 -117.3004260519193 -15.015471439386834 -0.43340738359895326
1653339919.527755 -117.3972998173828 -15.045135110027 -0.43178499837584355
1653339919.627755 -117.49417358284629 -15.07479878066716 -0.4301626131527341
1653339919.727755 -117.5910473483098 -15.104462451307326 -0.4285402279296244
1653339919.827755 -117.67392050354206 -15.137774435932897 -0.4282218262449295
1653339919.9277549 -117.75677800607592 -15.171090499377723 -0.4279048824153372
1653339920.027755 -117.83963550860979 -15.20440656282255 -0.4275879385857449
1653339920.127755 -117.92249301114364 -15.237722626267376 -0.4272709947561526
1653339920.227755 -118.0055559786688 -15.269463545667803 -0.4279447321860244
1653339920.327755 -118.08861902205331 -15.301203883512088 -0.4286188353835656
1653339920.4277549 -118.1716820654378 -15.332944221356373 -0.4292929385811068
1653339920.527755 -118.2547465579684 -15.364682791764913 -0.42996704206736497
1653339920.627755 -118.34489370295077 -15.387783079667487 -0.43064255664756235
1653339920.727755 -118.43504084793314 -15.410883367570065 -0.43131807122775984
1653339920.827755 -118.5251879929155 -15.43398365547264 -0.4319935858079572
1653339920.9277549 -118.61533732571039 -15.457081702401783 -0.43266908170446283
1653339921.027755 -118.71419068587298 -15.471264225752222 -0.4332702461106975
1653339921.127755 -118.8130440460355 -15.485446749102652 -0.4338714105169318
1653339921.227755 -118.9118974061981 -15.49962927245309 -0.43447257492316643
1653339921.327755 -119.01075146049946 -15.513811941144327 -0.4350725732751997
1653339921.4277549 -119.11023363906345 -15.52812612832136 -0.4346174124543359
1653339921.527755 -119.20971581762743 -15.542440315498393 -0.43416225163347205
1653339921.627755 -119.30919799619143 -15.556754502675428 -0.4337070908126081
1653339921.727755 -119.4086790109838 -15.571070388055453 -0.4332519181658038
1653339921.827755 -119.50755603062092 -15.586267637419818 -0.43279060787934165
1653339921.9277549 -119.60643305025802 -15.601464886784184 -0.4323292975928795
1653339922.027755 -119.70531006989513 -15.616662136148548 -0.4318679873064174
1653339922.127755 -119.80418622660007 -15.631854987667028 -0.43140790692262737
1653339922.227755 -119.90267372837118 -15.645067098997963 -0.43150176083095515
1653339922.327755 -120.0011612301423 -15.658279210328898 -0.4315956147392829
1653339922.4277549 -120.09964873191342 -15.671491321659833 -0.43168946864761065
1653339922.527755 -120.19813623368454 -15.684703432990768 -0.43178332255593843
1653339922.627755 -120.29662373545568 -15.697915544321706 -0.4318771764642662
1653339922.727755 -120.3951112372268 -15.71112765565264 -0.431971030372594
1653339922.827755 -120.49359873899792 -15.724339766983574 -0.4320648842809217
1653339922.9277549 -120.59208624076904 -15.737551878314509 -0.4321587381892495
1653339923.027755 -120.6924106795366 -15.751435355779712 -0.43175927630997357
1653339923.127755 -120.79275415727273 -15.765325791632023 -0.4313547014498087
1653339923.227755 -120.89309763500881 -15.77921622748433 -0.43095012658964393
1653339923.327755 -120.99344111274492 -15.793106663336635 -0.4305455517294792
1653339923.4277549 -121.09315837172733 -15.808714867421264 -0.4303487675275143
1653339923.527755 -121.19286901921436 -15.824341207367624 -0.430154177138763
1653339923.627755 -121.29257966670141 -15.83996754731399 -0.4299595867500117
1653339923.727755 -121.39228815347185 -15.85559494850858 -0.4297652086956478
1653339923.827755 -121.49095543206293 -15.871733745017327 -0.4296731505392515
1653339923.9277549 -121.58962271065401 -15.887872541526075 -0.42958109238285513
1653339924.027755 -121.6882899892451 -15.904011338034822 -0.4294890342264588
1653339924.127755 -121.78695726783621 -15.920150134543574 -0.42939697607006244
1653339924.227755 -121.88658819262659 -15.936164774004236 -0.4288548111687584
1653339924.327755 -121.98622797645055 -15.952178272059001 -0.4283085083268221
1653339924.4277549 -122.0858677602745 -15.968191770113764 -0.42776220548488586
1653339924.527755 -122.18550754409846 -15.984205268168527 -0.4272159026429496
1653339924.627755 -122.28460161423418 -16.000030779486664 -0.4270082680089141
1653339924.727755 -122.38369083255125 -16.01585461945667 -0.4268036443983406
1653339924.827755 -122.48278005086831 -16.03167845942668 -0.42659902078776707
1653339924.9277549 -122.58186926918539 -16.047502299396687 -0.4263943971771935
1653339925.027755 -122.67952289886689 -16.063647783269086 -0.4266889049569253
1653339925.127755 -122.77716411195773 -16.079796049080954 -0.42698772978822547
1653339925.227755 -122.87480532504854 -16.095944314892822 -0.4272865546195256
1653339925.327755 -122.97244653813937 -16.112092580704687 -0.42758537945082564
1653339925.4277549 -123.06998719722543 -16.128112393798162 -0.4279621230816185
1653339925.527755 -123.16752711829054 -16.14413126410671 -0.42833943860120005
1653339925.627755 -123.26506703935566 -16.160150134415264 -0.4287167541207817
1653339925.727755 -123.36260696042076 -16.176169004723814 -0.42909406964036323
1653339925.827755 -123.4620083975148 -16.19226227452827 -0.42874157687681796
1653339925.9277549 -123.56142118710243 -16.208355998059577 -0.42838463336252164
1653339926.027755 -123.66083397669007 -16.224449721590886 -0.42802768984822537
1653339926.127755 -123.76024179098188 -16.240540428819102 -0.4276707665724859
1653339926.227755 -123.85897665505153 -16.256223155919173 -0.4273165807302214
1653339926.327755 -123.95771151912119 -16.271905883019247 -0.42696239488795684
1653339926.4277549 -124.05644638319085 -16.287588610119318 -0.4266082090456923
1653339926.527755 -124.15518371239692 -16.303271602800997 -0.42625443650411937
1653339926.627755 -124.25426028879075 -16.31899114429723 -0.4259575415847234
1653339926.727755 -124.35333686518454 -16.334710685793453 -0.42566064666532744
1653339926.827755 -124.45241344157833 -16.350430227289678 -0.4253637517459315
1653339926.9277549 -124.5514788313707 -16.36615368602262 -0.4250634347350222
1653339927.027755 -124.64909299637245 -16.38238532331854 -0.42431917377263484
1653339927.127755 -124.7467071613742 -16.39861696061446 -0.4235749128102473
1653339927.227755 -124.84432132637593 -16.41484859791038 -0.42283065184785995
1653339927.327755 -124.94193549137766 -16.431080235206302 -0.4220863908854726
1653339927.4277549 -125.04164106634836 -16.44804068794691 -0.4213097926475871
1653339927.527755 -125.14135508216758 -16.465004082158046 -0.42053306389772704
1653339927.627755 -125.24106909798684 -16.481967476369185 -0.41975633514786675
1653339927.727755 -125.34078311380607 -16.49893087058032 -0.4189796063980067
1653339927.827755 -125.44006475394553 -16.516808011618885 -0.41817338289530687
1653339927.9277549 -125.53934459145431 -16.534688962187325 -0.41736703642512973
1653339928.027755 -125.63862442896307 -16.552569912755768 -0.41656068995495266
1653339928.127755 -125.73790426647187 -16.570450863324215 -0.4157543434847753
1653339928.227755 -125.83576034689466 -16.588673638201318 -0.4156468507789482
1653339928.327755 -125.93361057568568 -16.606897817973962 -0.4155422303572475
1653339928.4277549 -126.03146080447671 -16.625121997746604 -0.4154376099355469
1653339928.527755 -126.12931103326773 -16.643346177519245 -0.41533298951384623
1653339928.627755 -126.22827754545285 -16.661535633802785 -0.4151413058681869
1653339928.727755 -126.32724957046288 -16.67972491860252 -0.414949192256164
1653339928.827755 -126.42622159547292 -16.697914203402256 -0.4147570786441411
1653339928.9277549 -126.52518575051734 -16.716099361114868 -0.4145635746946791
1653339929.027755 -126.62312669449346 -16.733747936911463 -0.41418930646648433
1653339929.127755 -126.7210676384696 -16.751396512708062 -0.4138150382382895
1653339929.227755 -126.81900858244573 -16.769045088504654 -0.41344077001009477
1653339929.327755 -126.91694952642185 -16.78669366430125 -0.4130665017819
1653339929.4277549 -127.01471546245867 -16.80468806419092 -0.41288341648496274
1653339929.527755 -127.11248075944475 -16.82268372687554 -0.41270102930260166
1653339929.627755 -127.21024605643086 -16.84067938956016 -0.41251864212024053
1653339929.727755 -127.30801135341694 -16.85867505224478 -0.4123362549378795
1653339929.827755 -127.40431862893922 -16.87654197228153 -0.412529817286695
1653339929.9277549 -127.5006213279846 -16.894408488217394 -0.412724559675989
1653339930.027755 -127.59692402702997 -16.912275004153262 -0.412919302065283
1653339930.127755 -127.69322672607538 -16.930141520089133 -0.413114044454577
1653339930.227755 -127.79134602784103 -16.948080045311926 -0.41233829554320645
1653339930.327755 -127.88946970502099 -16.966018743974104 -0.411560209135886
1653339930.4277549 -127.98759338220093 -16.98395744263628 -0.4107821227285655
1653339930.527755 -128.08571705938087 -17.00189614129846 -0.410004036321245
1653339930.627755 -128.18455630699827 -17.017982023085594 -0.4092369857429961
1653339930.727755 -128.28339641071236 -17.034065688193103 -0.4084699483678317
1653339930.827755 -128.3822365144264 -17.050149353300615 -0.4077029109926673
1653339930.9277549 -128.4810766181405 -17.066233018408127 -0.4069358736175029
1653339931.027755 -128.57621318683175 -17.080513610072735 -0.4063712299222838
1653339931.127755 -128.6713489200246 -17.094793794973253 -0.40580663188603794
1653339931.227755 -128.76648465321742 -17.109073979873763 -0.4052420338497923
1653339931.327755 -128.86162038641024 -17.123354164774273 -0.4046774358135466
1653339931.4277549 -128.9590748477663 -17.136376903032236 -0.4040991271878669
1653339931.527755 -129.0565300224897 -17.149399254430968 -0.40352081434406145
1653339931.627755 -129.15398519721316 -17.1624216058297 -0.40294250150025585
1653339931.727755 -129.2514419601628 -17.175441653940794 -0.4023641303519149
1653339931.827755 -129.350368965124 -17.186329518253643 -0.4017317859247101
1653339931.9277549 -129.44929597008525 -17.197217382566492 -0.40109944149750526
1653339932.027755 -129.54822297504646 -17.208105246879345 -0.4004670970703004
1653339932.127755 -129.64715197893298 -17.21898886284358 -0.39983504355829663
1653339932.227755 -129.74705026521136 -17.22781244708296 -0.3993440553396203
1653339932.327755 -129.84694855148973 -17.236636031322337 -0.39885306712094404
1653339932.4277549 -129.94684683776808 -17.245459615561717 -0.3983620789022677
1653339932.527755 -130.04674308133804 -17.254279126482192 -0.3978723402549136
1653339932.627755 -130.14562357953506 -17.261073162399764 -0.398003956217279
1653339932.727755 -130.24450407773202 -17.267867198317333 -0.3981355721796444
1653339932.827755 -130.343384575929 -17.2746612342349 -0.39826718814200984
1653339932.9277549 -130.4422690324099 -17.281449316710706 -0.39839864346110737
1653339933.027755 -130.54292062577596 -17.285579543730847 -0.3984583811750194
1653339933.127755 -130.64357221914202 -17.28970977075099 -0.3985181188889314
1653339933.227755 -130.74422381250804 -17.293839997771126 -0.39857785660284345
1653339933.327755 -130.84487828991158 -17.29795836200835 -0.3986371363586351
1653339933.4277549 -130.94692832605472 -17.29633643667755 -0.3984748144683696
1653339933.527755 -131.04897836219786 -17.294714511346744 -0.39831249257810397
1653339933.627755 -131.15102839834105 -17.293092586015938 -0.39815017068783837
1653339933.727755 -131.25307380816065 -17.291485198403993 -0.3979910068289705
1653339933.827755 -131.35296925764996 -17.296633827410353 -0.3992994537289516
1653339933.9277549 -131.4528647071393 -17.301782456416717 -0.40060790062893276
1653339934.027755 -131.55276015662864 -17.306931085423077 -0.40191634752891386
1653339934.127755 -131.65265496382793 -17.3120860966557 -0.4032239849432494
1653339934.227755 -131.75205988897568 -17.32210890576742 -0.4039142182812828
1653339934.327755 -131.85146481412343 -17.332131714879132 -0.404604451619316
1653339934.4277549 -131.95086973927118 -17.34215452399085 -0.40529468495734916
1653339934.527755 -132.05027426764403 -17.352178730460068 -0.4059847093346797
1653339934.627755 -132.14924216692134 -17.363740652538045 -0.4064447838724769
1653339934.727755 -132.2482100661987 -17.375302574616025 -0.40690485841027424
1653339934.827755 -132.34717796547602 -17.386864496694002 -0.4073649329480714
1653339934.9277549 -132.44614503028757 -17.39842700712578 -0.40782458852575604
1653339935.027755 -132.54454786609077 -17.41038733648634 -0.40800096172733863
1653339935.127755 -132.64295070189394 -17.422347665846903 -0.4081773349289213
1653339935.227755 -132.74135353769717 -17.43430799520747 -0.4083537081305039
1653339935.327755 -132.8397633732414 -17.44627086922025 -0.40852626795087277
1653339935.4277549 -132.9407712704352 -17.459178230079605 -0.4072834326271568
1653339935.527755 -133.041779167629 -17.47208559093896 -0.4060405973034409
1653339935.627755 -133.14278706482278 -17.48499295179831 -0.40479776197972495
1653339935.727755 -133.24378703105705 -17.497897373283724 -0.40355823179164063
1653339935.827755 -133.34278204822388 -17.5100587201102 -0.40315424093134994
1653339935.9277549 -133.4417770653907 -17.52222006693668 -0.40275025007105925
1653339936.027755 -133.54077208255754 -17.53438141376316 -0.40234625921076855
1653339936.127755 -133.6397674194578 -17.54654636391093 -0.4019420949890119
1653339936.227755 -133.738825038588 -17.5594132202562 -0.4015041609539339
1653339936.327755 -133.83788265771815 -17.572280076601466 -0.401066226918856
1653339936.4277549 -133.93694027684833 -17.58514693294673 -0.40062829288377816
1653339936.527755 -134.0359982057695 -17.598016190237768 -0.4001910621676838
1653339936.627755 -134.13515194545155 -17.61162800119528 -0.3999713507710187
1653339936.727755 -134.23430568513368 -17.6252398121528 -0.39975163937435354
1653339936.827755 -134.33345942481574 -17.638851623110316 -0.39953192797768844
1653339936.9277549 -134.43261148250136 -17.652460238731354 -0.39931345052669664
1653339937.027755 -134.53139613122732 -17.665370877116505 -0.39936451151015345
1653339937.127755 -134.6301807799533 -17.678281515501652 -0.3994155724936103
1653339937.227755 -134.7289654286793 -17.691192153886803 -0.3994666334770672
1653339937.327755 -134.82775232553684 -17.7041020766306 -0.3995158349813413
1653339937.4277549 -134.92705564023282 -17.71684760954927 -0.39913789591117943
1653339937.527755 -135.02635895492878 -17.72959314246794 -0.3987599568410176
1653339937.627755 -135.12566226962477 -17.74233867538661 -0.3983820177708558
1653339937.727755 -135.2249676638071 -17.75508358133803 -0.39800563715472775
1653339937.827755 -135.324706729793 -17.767697734797608 -0.39795426832779834
1653339937.9277549 -135.4244457957789 -17.78031188825718 -0.39790289950086893
1653339938.027755 -135.5241848617648 -17.792926041716754 -0.39785153067393947
1653339938.127755 -135.62392593212022 -17.805542821270034 -0.3977991351375954
1653339938.227755 -135.724096299922 -17.818722059653467 -0.3975268381655295
1653339938.327755 -135.82426666772378 -17.831901298036893 -0.3972545411934636
1653339938.4277549 -135.92443703552553 -17.84508053642032 -0.3969822442213977
1653339938.527755 -136.0246011218743 -17.858260607337503 -0.3967104427572925
1653339938.627755 -136.1234741524969 -17.871611792720255 -0.3965404853076621
1653339938.727755 -136.2223471831195 -17.88496297810301 -0.3963705278580316
1653339938.827755 -136.3212202137421 -17.898314163485765 -0.39620057040840123
1653339938.9277549 -136.4200932443647 -17.911665348868517 -0.39603061295877084
1653339939.027755 -136.51896627498726 -17.92501653425127 -0.39586065550914046
1653339939.127755 -136.61783930560986 -17.938367719634023 -0.39569069805951007
1653339939.227755 -136.71671233623246 -17.95171890501678 -0.3955207406098796
1653339939.327755 -136.8155898662009 -17.96507287101755 -0.39534863303815493
1653339939.4277549 -136.91623321805145 -17.97951812368734 -0.39433268443454395
1653339939.527755 -137.01687656990197 -17.993963376357122 -0.3933167358309329
1653339939.627755 -137.1175199217525 -18.008408629026906 -0.39230078722732187
1653339939.727755 -137.21815518065486 -18.02285192545749 -0.39128781581521066
1653339939.827755 -137.31496994181694 -18.03637172562105 -0.3916803091492133
1653339939.9277549 -137.411784702979 -18.049891525784606 -0.392072802483216
1653339940.027755 -137.50859946414107 -18.063411325948163 -0.3924652958172187
1653339940.127755 -137.60541817598195 -18.076932945710073 -0.39285580252282515
1653339940.227755 -137.7038879858733 -18.0912150260019 -0.392416042218155
1653339940.327755 -137.8023577957646 -18.105497106293726 -0.39197628191348505
1653339940.4277549 -137.9008276056559 -18.119779186585554 -0.3915365216088151
1653339940.527755 -137.99930063376422 -18.13406268925589 -0.3910958467798618
1653339940.627755 -138.09897477809287 -18.148877057903007 -0.39031384942486125
1653339940.727755 -138.19864892242157 -18.163691426550127 -0.3895318520698604
1653339940.827755 -138.2983230667502 -18.178505795197243 -0.38874985471485984
1653339940.9277549 -138.39799362444708 -18.193318853976766 -0.38796841935090703
1653339941.027755 -138.49665773626705 -18.207764350400904 -0.3873446844707252
1653339941.127755 -138.59532184808702 -18.222209846825038 -0.3867209495905433
1653339941.227755 -138.69398595990702 -18.23665534324918 -0.3860972147103613
1653339941.327755 -138.79266230354045 -18.25110053492919 -0.38547100468755274
1653339941.4277549 -138.89465136313635 -18.265463193407214 -0.3841744570646386
1653339941.527755 -138.9966404227322 -18.279825851885242 -0.38287790944172445
1653339941.627755 -139.09862948232808 -18.29418851036327 -0.38158136181881025
1653339941.727755 -139.20061839106276 -18.308551054701088 -0.38028503730872715
1653339941.827755 -139.30172371064577 -18.32224508364756 -0.3802954771751452
1653339941.9277549 -139.40282903022876 -18.33593911259403 -0.38030591704156336
1653339942.027755 -139.50393434981174 -18.349633141540497 -0.3803163569079815
1653339942.127755 -139.60503851680826 -18.36332690111852 -0.38032754399073265
1653339942.227755 -139.70407966133754 -18.376538516247155 -0.3816761787578009
1653339942.327755 -139.80312080586677 -18.389750131375788 -0.3830248135248687
1653339942.4277549 -139.90216195039602 -18.402961746504424 -0.38437344829193654
1653339942.527755 -140.00120309492524 -18.416173361633057 -0.3857220830590044
1653339942.627755 -140.09868169949326 -18.431934846156107 -0.3868012216837312
1653339942.727755 -140.19615986732407 -18.447697043379584 -0.38788028498302635
1653339942.827755 -140.29363803515483 -18.463459240603058 -0.38895934828232115
1653339942.9277549 -140.39111620298561 -18.479221437826528 -0.39003841158161595
1653339943.027755 -140.48872455583074 -18.4950087207374 -0.39049241655275074
1653339943.127755 -140.58633301634435 -18.510796024395194 -0.3909459045742525
1653339943.227755 -140.68394147685802 -18.526583328052993 -0.39139939259575435
1653339943.327755 -140.78154993737166 -18.54237063171079 -0.39185288061725604
1653339943.4277549 -140.82899916698165 -18.550570748293506 -0.3916348113959509
1653339943.527755 -140.87641704470894 -18.558766122526816 -0.39141632241972696
1653339943.627755 -140.92383492243627 -18.566961496760122 -0.391197833443503
1653339943.727755 -140.9712528001636 -18.575156870993435 -0.390979344467279
1653339943.827755 -140.96918846526873 -18.575220998129737 -0.3914507814016553
1653339943.9277549 -140.96710885972507 -18.575282615891208 -0.39192243125327453
1653339944.027755 -140.9650292541814 -18.575344233652682 -0.3923940811048938
1653339944.127755 -140.96294964863773 -18.575405851414153 -0.39286573095651306
1653339944.227755 -140.96257675613444 -18.575507698612945 -0.39311211369898363
1653339944.327755 -140.96220464037276 -18.575609564120544 -0.39335839392021216
1653339944.4277549 -140.96183252461108 -18.575711429628143 -0.39360467414144074
1653339944.527755 -140.96146040884943 -18.57581329513574 -0.39385095436266926
1653339944.627755 -140.96135259089522 -18.57572895268486 -0.3938972025644376
1653339944.727755 -140.96124508724762 -18.575644388792877 -0.39394321288534573
1653339944.827755 -140.96113758360002 -18.5755598249009 -0.39398922320625385
1653339944.9277549 -140.96103007995242 -18.57547526100892 -0.39403523352716197
1653339945.027755 -140.96084599386867 -18.57557416095699 -0.3938869932097636
1653339945.127755 -140.96066182304403 -18.575673263913593 -0.39373853794789726
1653339945.227755 -140.9604776522194 -18.575772366870197 -0.3935900826860309
1653339945.327755 -140.9602935029915 -18.5758714541025 -0.39344161266198
1653339945.4277549 -140.96022399465173 -18.575887072886736 -0.39321478133728427
1653339945.527755 -140.96015448631192 -18.575902691670976 -0.39298795001258846
1653339945.627755 -140.96008497797214 -18.57591831045521 -0.39276111868789265
1653339945.727755 -140.96001553542285 -18.57593393305215 -0.39253432289624646
1653339945.827755 -140.9605257441347 -18.57598314766536 -0.39262059327884924
1653339945.9277549 -140.96103595284657 -18.57603236227858 -0.392706863661452
1653339946.027755 -140.96154616155843 -18.57608157689179 -0.3927931340440548
1653339946.127755 -140.96205626275116 -18.576130787263892 -0.39287939648281595
1653339946.227755 -140.96171878746938 -18.576146564787553 -0.3929030373784359
1653339946.327755 -140.9613813121876 -18.576162342311214 -0.3929266782740559
1653339946.4277549 -140.96104383690584 -18.57617811983488 -0.3929503191696759
1653339946.527755 -140.96070636162406 -18.57619389735854 -0.3929739600652959
1653339946.627755 -140.96051198290354 -18.576134543342945 -0.39314801397308685
1653339946.727755 -140.96031766432222 -18.576075157751813 -0.393322131094968
1653339946.827755 -140.9601233457409 -18.57601577216068 -0.3934962482168491
1653339946.9277549 -140.95992902715957 -18.575956386569544 -0.3936703653387302
1653339947.027755 -140.96031342349954 -18.575860943128582 -0.3936806152859335
1653339947.127755 -140.96069888365778 -18.57576543340455 -0.39369056400556157
1653339947.227755 -140.961084343816 -18.57566992368052 -0.3937005127251896
1653339947.327755 -140.96146980397424 -18.57557441395649 -0.3937104614448176
1653339947.4277549 -140.9614573768763 -18.57530195489972 -0.393720927376897
1653339947.527755 -140.96144293515886 -18.57502859989675 -0.3937313959277743
1653339947.627755 -140.96142849344142 -18.574755244893776 -0.3937418644786515
1653339947.727755 -140.96141405172398 -18.574481889890805 -0.3937523330295288
1653339947.827755 -140.9613982586986 -18.57448798854077 -0.393640716569657
1653339947.9277549 -140.96138245894704 -18.57449547818833 -0.3935284924242017
1653339948.027755 -140.96136665919545 -18.574502967835887 -0.3934162682787463
1653339948.127755 -140.96135085944385 -18.574510457483445 -0.393304044133291
1653339948.227755 -140.96164657989792 -18.574624513677833 -0.39332255333012317
1653339948.327755 -140.96194414484097 -18.574739200845165 -0.39334183658978383
1653339948.4277549 -140.96224170978402 -18.574853888012502 -0.3933611198494445
1653339948.527755 -140.96253927472708 -18.574968575179838 -0.39338040310910516
1653339948.627755 -140.9623222143789 -18.57510452733427 -0.3934138319170455
1653339948.727755 -140.96210244147247 -18.57524059157514 -0.39344733528530096
1653339948.827755 -140.96188266856603 -18.57537665581601 -0.39348083865355643
1653339948.9277549 -140.9616628956596 -18.575512720056885 -0.3935143420218119
1653339949.027755 -140.96179376823082 -18.57552235740063 -0.3934848607450809
1653339949.127755 -140.9619263500269 -18.575531378475198 -0.39345507244906813
1653339949.227755 -140.962058931823 -18.57554039954977 -0.39342528415305533
1653339949.327755 -140.96219151361913 -18.575549420624338 -0.3933954958570426
1653339949.4277549 -140.9617624374475 -18.57568367672173 -0.39329411184651236
1653339949.527755 -140.96133132518958 -18.575818386813065 -0.3931924682918076
1653339949.627755 -140.96090021293165 -18.575953096904403 -0.39309082473710283
1653339949.727755 -140.96046910067372 -18.576087806995737 -0.39298918118239806
1653339949.827755 -140.96086726099605 -18.57626659756968 -0.3928675835770152
1653339949.9277549 -140.96126764045135 -18.576445506102974 -0.392745932574604
1653339950.027755 -140.96166801990663 -18.576624414636267 -0.39262428157219276
1653339950.127755 -140.96206839936193 -18.576803323169557 -0.3925026305697815
1653339950.227755 -140.9615215401128 -18.576782699869636 -0.3925853741919527
1653339950.327755 -140.96097200889568 -18.576761513730933 -0.3926686943698494
1653339950.4277549 -140.96042247767852 -18.576740327592233 -0.39275201454774605
1653339950.527755 -140.9598729464614 -18.57671914145353 -0.39283533472564275
1653339950.627755 -140.96016179231853 -18.57664523907927 -0.39283976275420385
1653339950.727755 -140.96045388926558 -18.576571132280023 -0.39284388485184135
1653339950.827755 -140.96074598621266 -18.576497025480773 -0.39284800694947886
1653339950.9277549 -140.9610380831597 -18.576422918681523 -0.39285212904711636
1653339951.027755 -140.96108066964356 -18.57643133051515 -0.3929833485865448
1653339951.127755 -140.96112200383945 -18.57644015650813 -0.39311520602548145
1653339951.227755 -140.9611633380353 -18.576448982501116 -0.3932470634644182
1653339951.327755 -140.96120467223116 -18.5764578084941 -0.3933789209033548
1653339951.4277549 -140.96115119570874 -18.576522487419552 -0.39338781648036286
1653339951.527755 -140.96109722086115 -18.576587459908048 -0.3933960657697581
1653339951.627755 -140.96104324601353 -18.576652432396543 -0.39340431505915335
1653339951.727755 -140.96098927116591 -18.576717404885034 -0.3934125643485486
1653339951.827755 -140.96074400494038 -18.576692180383226 -0.39342358737416455
1653339951.9277549 -140.9604977358682 -18.576666483022926 -0.39343462494111636
1653339952.027755 -140.96025146679597 -18.576640785662622 -0.3934456625080682
1653339952.127755 -140.96000519772375 -18.57661508830232 -0.39345670007502
1653339952.227755 -140.96011350937914 -18.576601955989247 -0.3934159730321723
1653339952.327755 -140.96022377255434 -18.57658889283092 -0.3933749610904186
1653339952.4277549 -140.96033403572957 -18.57657582967259 -0.39333394914866493
1653339952.527755 -140.96044429890478 -18.576562766514257 -0.3932929372069112
1653339952.627755 -140.96045046461433 -18.57656006474026 -0.3932249884702755
1653339952.727755 -140.96045604675822 -18.576557421051714 -0.3931568887271865
1653339952.827755 -140.96046162890212 -18.576554777363167 -0.39308878898409755
1653339952.9277549 -140.960467211046 -18.57655213367462 -0.3930206892410086
1653339953.027755 -140.96066406784584 -18.576523712885493 -0.3930497471021458
1653339953.127755 -140.96086191689838 -18.57649515837558 -0.3930793089761931
1653339953.227755 -140.96105976595092 -18.57646660386566 -0.3931088708502404
1653339953.327755 -140.96125761500346 -18.576438049355747 -0.39313843272428767
1653339953.4277549 -140.96106912746376 -18.57634683567335 -0.39344341891494716
1653339953.527755 -140.96087866238742 -18.576255301258172 -0.3937498149168581
1653339953.627755 -140.96068819731107 -18.576163766842996 -0.3940562109187691
1653339953.727755 -140.96049773223476 -18.57607223242782 -0.39436260692068015
1653339953.827755 -140.96063861900598 -18.57607527287954 -0.39446643837821666
1653339953.9277549 -140.9607815889191 -18.576078907904275 -0.39456899635351406
1653339954.027755 -140.96092455883226 -18.576082542929015 -0.3946715543288114
1653339954.127755 -140.9610675287454 -18.57608617795375 -0.39477411230410875
1653339954.227755 -140.96091653925833 -18.57589039490329 -0.3946643706188003
1653339954.327755 -140.9607637305189 -18.57569337769663 -0.39455331505589514
1653339954.4277549 -140.96061092177942 -18.57549636048997 -0.39444225949299005
1653339954.527755 -140.96045811303998 -18.575299343283312 -0.394331203930085
1653339954.627755 -140.9605205445764 -18.57533411314163 -0.3942547607269347
1653339954.727755 -140.96058407900134 -18.575370070673962 -0.39417849487708184
1653339954.827755 -140.96064761342626 -18.57540602820629 -0.394102229027229
1653339954.9277549 -140.9607111478512 -18.575441985738625 -0.39402596317737615
1653339955.027755 -140.96081319164728 -18.57556415772861 -0.39404298243278046
1653339955.127755 -140.96091548844328 -18.575686896132748 -0.3940606145552758
1653339955.227755 -140.9610177852393 -18.575809634536885 -0.39407824667777114
1653339955.327755 -140.9611200820353 -18.575932372941026 -0.3940958788002665
1653339955.4277549 -140.9608881778272 -18.57592993023811 -0.3940814832783759
1653339955.527755 -140.9606541252772 -18.575926682834396 -0.3940668818734113
1653339955.627755 -140.96042007272717 -18.57592343543068 -0.3940522804684468
1653339955.727755 -140.9601860201772 -18.575920188026966 -0.39403767906348225
1653339955.827755 -140.9603321157822 -18.575771111544494 -0.3940118585050998
1653339955.9277549 -140.9604805875355 -18.575621123545 -0.3939859678204478
1653339956.027755 -140.9606290592888 -18.57547113554551 -0.3939600771357958
1653339956.127755 -140.9607775310421 -18.575321147546017 -0.39393418645114375
1653339956.227755 -140.9606558483947 -18.575410118595872 -0.3940226111960833
1653339956.327755 -140.96053274334224 -18.5755003478024 -0.39411163782959485
1653339956.4277549 -140.96040963828975 -18.57559057700893 -0.3942006644631065
1653339956.527755 -140.96028653323728 -18.575680806215463 -0.3942896910966181
1653339956.627755 -140.9600563749711 -18.57567172076752 -0.39425113122656713
1653339956.727755 -140.95982570940689 -18.57566216469264 -0.3942119667564653
1653339956.827755 -140.95959504384268 -18.575652608617762 -0.3941728022863635
1653339956.9277549 -140.95936437827845 -18.575643052542883 -0.3941336378162616
1653339957.027755 -140.95955930159414 -18.575566253618764 -0.39413177161655505
1653339957.127755 -140.95975590840806 -18.575489188702694 -0.3941300529572914
1653339957.227755 -140.95995251522197 -18.57541212378662 -0.39412833429802785
1653339957.327755 -140.96014912203586 -18.57533505887055 -0.3941266156387642
1653339957.4277549 -140.9603950201779 -18.57534430011472 -0.39418172264441514
1653339957.527755 -140.9606412775919 -18.575354170422504 -0.3942372438378622
1653339957.627755 -140.96088753500587 -18.575364040730285 -0.3942927650313092
1653339957.727755 -140.96113346272784 -18.57537392491321 -0.3943479000046536
1653339957.827755 -140.96124012510202 -18.57538967010048 -0.3942398915674015
1653339957.9277549 -140.96134678747617 -18.575405415287754 -0.3941318831301494
1653339958.027755 -140.96145344985035 -18.575421160475024 -0.39402387469289735
1653339958.127755 -140.96155962907704 -18.575437241452114 -0.39391577933720545
1653339958.227755 -140.9614776424755 -18.57558409859151 -0.39377383286607753
1653339958.327755 -140.96139565587393 -18.575730955730904 -0.39363188639494967
1653339958.4277549 -140.96131366927236 -18.575877812870296 -0.39348993992382186
1653339958.527755 -140.96123192225002 -18.576024566911798 -0.39334829535507276
1653339958.627755 -140.96127510606868 -18.576117559589147 -0.393364080617255
1653339958.727755 -140.96131828988734 -18.57621055226649 -0.39337986587943724
1653339958.827755 -140.961361473706 -18.576303544943837 -0.3933956511416195
1653339958.9277549 -140.96140408540452 -18.576396123019904 -0.39341134034494074
1653339959.027755 -140.96121024375006 -18.57631734921984 -0.393387329077595
1653339959.127755 -140.96101640209557 -18.57623857541977 -0.3933633178102493
1653339959.227755 -140.9608225604411 -18.576159801619703 -0.39333930654290356
1653339959.327755 -140.96062871878664 -18.576081027819637 -0.3933152952755578
1653339959.4277549 -140.96043487713214 -18.57600225401957 -0.3932912840082121
1653339959.527755 -140.96024103547768 -18.575923480219505 -0.39326727274086637
1653339959.627755 -140.96004719382321 -18.57584470641944 -0.3932432614735206
1653339959.727755 -140.95985484271188 -18.575766198351097 -0.3932194571075706
1653339959.827755 -140.96004276651195 -18.57575548510519 -0.3932484384728311
1653339959.9277549 -140.96023069031202 -18.575744771859284 -0.39327741983809156
1653339960.027755 -140.9604186141121 -18.575734058613378 -0.3933064012033521
1653339960.127755 -140.96060624240366 -18.575723283708463 -0.3933353459346217
1653339960.227755 -140.9607153306579 -18.57569612111639 -0.3933545541098094
1653339960.327755 -140.96082441891213 -18.575668958524318 -0.39337376228499704
1653339960.4277549 -140.96093350716637 -18.575641795932246 -0.3933929704601847
1653339960.527755 -140.96104259542062 -18.575614633340173 -0.39341217863537237
1653339960.627755 -140.96099617232238 -18.575613162793992 -0.39341389157374035
1653339960.727755 -140.96094828089306 -18.575611934830935 -0.3934154393228816
1653339960.827755 -140.96090038946377 -18.575610706867877 -0.3934169870720228
1653339960.9277549 -140.96085295148404 -18.575609433676743 -0.39341893783881743
1653339961.027755 -140.96101675923902 -18.575587090363463 -0.3936086399241282
1653339961.127755 -140.961180566994 -18.575564747050183 -0.39379834200943903
1653339961.227755 -140.96134437474896 -18.575542403736904 -0.3939880440947498
1653339961.327755 -140.9615077357192 -18.57552035932686 -0.3941775218680372
1653339961.4277549 -140.96148377283316 -18.57562363635709 -0.3942729521279657
1653339961.527755 -140.96145980994712 -18.575726913387324 -0.39436838238789423
1653339961.627755 -140.9614358470611 -18.575830190417555 -0.39446381264782276
1653339961.727755 -140.9614120469607 -18.575933737158156 -0.3945589436402733
1653339961.827755 -140.96146082778898 -18.57615753914776 -0.39452064081043425
1653339961.9277549 -140.9615096086173 -18.576381341137367 -0.3944823379805953
1653339962.027755 -140.9615583894456 -18.576605143126972 -0.3944440351507563
1653339962.127755 -140.96160657959507 -18.57682864282075 -0.3944058781535739
1653339962.227755 -140.9613693425841 -18.576906067462165 -0.3944381902504262
1653339962.327755 -140.9611321055731 -18.576983492103576 -0.3944705023472785
1653339962.4277549 -140.96089486856212 -18.577060916744987 -0.39450281444413077
1653339962.527755 -140.96065787235838 -18.57713835843395 -0.39453497949583244
1653339962.627755 -140.96054076127464 -18.5772242871897 -0.3944939385880043
1653339962.727755 -140.9604236501909 -18.577310215945456 -0.3944528976801761
1653339962.827755 -140.96030653910717 -18.57739614470121 -0.3944118567723479
1653339962.9277549 -140.96018916679472 -18.57748159438755 -0.39437074408511175
1653339963.027755 -140.95992184011132 -18.577292041548084 -0.3942884275180884
1653339963.127755 -140.95965451342795 -18.577102488708622 -0.39420611095106506
1653339963.227755 -140.95938718674455 -18.576912935869156 -0.3941237943840417
1653339963.327755 -140.95912120196928 -18.576723909511493 -0.39404174438015266
1653339963.4277549 -140.9594806426125 -18.57678026143035 -0.39408393191343116
1653339963.527755 -140.95984008325576 -18.576836613349208 -0.3941261194467096
1653339963.627755 -140.96019952389898 -18.57689296526807 -0.3941683069799881
1653339963.727755 -140.9605589645422 -18.576949317186926 -0.3942104945132666
1653339963.827755 -140.96021428282958 -18.57678437037248 -0.3941766799527408
1653339963.9277549 -140.95986203098167 -18.57661704433894 -0.39414204828119875
1653339964.027755 -140.95950977913375 -18.5764497183054 -0.39410741660965665
1653339964.127755 -140.95915867944882 -18.576282499602573 -0.3940728576590271
1653339964.227755 -140.95933561308647 -18.57616447028828 -0.39407162651468514
1653339964.327755 -140.9595125467241 -18.576046440973986 -0.3940703953703431
1653339964.4277549 -140.95968948036173 -18.575928411659696 -0.3940691642260011
1653339964.527755 -140.95986727411184 -18.5758108132113 -0.39406830448671337
1653339964.627755 -140.9604789598811 -18.575910569213743 -0.394254803603292
1653339964.727755 -140.96109064565033 -18.576010325216185 -0.39444130271987066
1653339964.827755 -140.96170233141956 -18.576110081218626 -0.39462780183644935
1653339964.9277549 -140.9623119736379 -18.576209468426516 -0.39481441636599857
1653339965.027755 -140.9618594337118 -18.57611716626368 -0.39506101941653765
1653339965.127755 -140.96140689378572 -18.57602486410084 -0.3953076224670768
1653339965.227755 -140.96095435385962 -18.575932561938004 -0.39555422551761593
1653339965.327755 -140.96050266541008 -18.57584022044479 -0.3958004898477638
1653339965.4277549 -140.96043621753492 -18.57573008438324 -0.395893504109942
1653339965.527755 -140.96036976965976 -18.57561994832169 -0.3959865183721202
1653339965.627755 -140.9603033217846 -18.57550981226014 -0.3960795326342984
1653339965.727755 -140.96023815597454 -18.575400422417218 -0.39617238568597135
1653339965.827755 -140.9606625232451 -18.57557596249364 -0.3962036834579149
1653339965.9277549 -140.96108689051567 -18.575751502570064 -0.39623498122985845
1653339966.027755 -140.9615112577862 -18.575927042646487 -0.39626627900180206
1653339966.127755 -140.96193562505678 -18.57610258272291 -0.3962975767737456
1653339966.227755 -140.96157031637213 -18.576138128020542 -0.39609312302761845
1653339966.327755 -140.96119811024934 -18.57617245053138 -0.3958866101058149
1653339966.4277549 -140.96082590412652 -18.57620677304222 -0.3956800971840114
1653339966.527755 -140.9604536980037 -18.576241095553055 -0.3954735842622079
1653339966.627755 -140.9603143300798 -18.576312225245758 -0.39532818157866756
1653339966.727755 -140.96017672359514 -18.576383633387685 -0.39518324119888326
1653339966.827755 -140.96003911711048 -18.57645504152961 -0.39503830081909896
1653339966.9277549 -140.95990151062583 -18.576526449671537 -0.39489336043931467
1653339967.027755 -140.96025183509784 -18.576577762861245 -0.3948378472880745
1653339967.127755 -140.96060585836432 -18.576628923719774 -0.3947830120461442
1653339967.227755 -140.9609598816308 -18.576680084578303 -0.3947281768042139
1653339967.327755 -140.96131390489725 -18.57673124543683 -0.3946733415622836
1653339967.4277549 -140.96101563678903 -18.57667574937972 -0.3947275407378635
1653339967.527755 -140.9607125669536 -18.576619468186657 -0.39478254255095757
1653339967.627755 -140.96040949711815 -18.576563186993592 -0.39483754436405166
1653339967.727755 -140.9601064272827 -18.576506905800528 -0.39489254617714575
1653339967.827755 -140.960193169389 -18.576385479920976 -0.3950457445273764
1653339967.9277549 -140.96028190156323 -18.576263721464763 -0.3951994441905778
1653339968.027755 -140.96037063373748 -18.576141963008553 -0.3953531438537792
1653339968.127755 -140.96045936591176 -18.57602020455234 -0.3955068435169806
1653339968.227755 -140.96042370344372 -18.57587642280902 -0.3954537027151764
1653339968.327755 -140.9603873389461 -18.575732516775794 -0.3953993945952187
1653339968.4277549 -140.9603509744485 -18.575588610742564 -0.39534508647526106
1653339968.527755 -140.96031460995087 -18.575444704709337 -0.39529077835530335
1653339968.627755 -140.96026866566146 -18.575430660872673 -0.395289808839044
1653339968.727755 -140.96022267083137 -18.575417302157444 -0.3952891207243129
1653339968.827755 -140.9601766760013 -18.575403943442215 -0.3952884326095817
1653339968.9277549 -140.96013068117125 -18.575390584726986 -0.39528774449485055
1653339969.027755 -140.96007370184262 -18.57544117888813 -0.3952089765282019
1653339969.127755 -140.9600165197876 -18.575492953343254 -0.39512876754460285
1653339969.227755 -140.95995933773256 -18.575544727798373 -0.3950485585610038
1653339969.327755 -140.95990215567753 -18.575596502253493 -0.39496834957740473
1653339969.4277549 -140.9599750996682 -18.575726831387744 -0.39489874447512874
1653339969.527755 -140.96004884558926 -18.57585764463247 -0.39482920472160205
1653339969.627755 -140.9601225915103 -18.575988457877198 -0.3947596649680754
1653339969.727755 -140.96019633743134 -18.576119271121925 -0.3946901252145487
1653339969.827755 -140.960237398965 -18.57613208462101 -0.39483087358997104
1653339969.9277549 -140.96027827560076 -18.576144230587225 -0.39497281158013875
1653339970.027755 -140.96031915223654 -18.576156376553442 -0.39511474957030646
1653339970.127755 -140.96036002887232 -18.57616852251966 -0.3952566875604741
1653339970.227755 -140.96026510966573 -18.57611080529004 -0.39532742080799194
1653339970.327755 -140.96016951733915 -18.576052741758847 -0.39539780110408435
1653339970.4277549 -140.96007392501258 -18.57599467822765 -0.39546818140017675
1653339970.527755 -140.95997833268598 -18.575936614696456 -0.3955385616962692
1653339970.627755 -140.96012738321215 -18.57586089501496 -0.39559557766159187
1653339970.727755 -140.96028095096716 -18.575784849319966 -0.395652346860089
1653339970.827755 -140.96043451872217 -18.575708803624973 -0.39570911605858616
1653339970.9277549 -140.96058808647714 -18.575632757929984 -0.3957658852570833
1653339971.027755 -140.9608222169312 -18.575623680338882 -0.39569257676494746
1653339971.127755 -140.9610578972304 -18.57561589106349 -0.395616765870594
1653339971.227755 -140.96129357752957 -18.57560810178809 -0.3955409549762406
1653339971.327755 -140.96152925782877 -18.575600312512698 -0.39546514408188715
1653339971.4277549 -140.96125442873512 -18.57567535154088 -0.39556737236922956
1653339971.527755 -140.96096914509775 -18.57575208678099 -0.3956732466588492
1653339971.627755 -140.96068386146038 -18.575828822021098 -0.3957791209484688
1653339971.727755 -140.960398577823 -18.57590555726121 -0.3958849952380884
1653339971.827755 -140.96038669704828 -18.576049114854058 -0.39585364573064674
1653339971.9277549 -140.96038034353097 -18.57619402336307 -0.3958195220340605
1653339972.027755 -140.96037399001366 -18.57633893187208 -0.3957853983374743
1653339972.127755 -140.9603676364964 -18.576483840381094 -0.39575127464088805
1653339972.227755 -140.96056196775416 -18.57645464164765 -0.39569114696830543
1653339972.327755 -140.9607578106994 -18.576424131425927 -0.39563082341696787
1653339972.4277549 -140.96095365364462 -18.5763936212042 -0.39557049986563025
1653339972.527755 -140.96114949658988 -18.576363110982474 -0.3955101763142927
1653339972.627755 -140.9611223398351 -18.576372541414518 -0.3954281847442995
1653339972.727755 -140.96109354733434 -18.57638226481898 -0.3953460342351965
1653339972.827755 -140.96106475483361 -18.57639198822345 -0.3952638837260935
1653339972.9277549 -140.9610359623329 -18.576401711627916 -0.39518173321699046
1653339973.027755 -140.96128929565995 -18.576511825546337 -0.3951724904727745
1653339973.127755 -140.9615445465813 -18.576622621813772 -0.3951637432787786
1653339973.227755 -140.9617997975027 -18.576733418081208 -0.39515499608478283
1653339973.327755 -140.96205504842405 -18.57684421434864 -0.39514624889078703
1653339973.4277549 -140.96152173975764 -18.576816958986637 -0.39516079128588527
1653339973.527755 -140.9609832343893 -18.576788793847893 -0.39517548716215933
1653339973.627755 -140.96044472902094 -18.576760628709152 -0.39519018303843345
1653339973.727755 -140.95990622365258 -18.57673246357041 -0.3952048789147075
1653339973.827755 -140.95994113877978 -18.576708240670346 -0.39517234404405904
1653339973.9277549 -140.9599797198048 -18.57668404297316 -0.3951395072255499
1653339974.027755 -140.96001830082983 -18.57665984527597 -0.3951066704070407
1653339974.127755 -140.96005688185485 -18.57663564757878 -0.3950738335885316
1653339974.227755 -140.96024055110175 -18.576651825214384 -0.3950042492182518
1653339974.327755 -140.96042519360338 -18.576668273688533 -0.39493441834465415
1653339974.4277549 -140.960609836105 -18.576684722162682 -0.39486458747105657
1653339974.527755 -140.96079447860663 -18.57670117063683 -0.394794756597459
1653339974.627755 -140.96058185288828 -18.576666384666083 -0.3949445835998367
1653339974.727755 -140.96036668473386 -18.576631270805276 -0.39509581636809493
1653339974.827755 -140.96015151657943 -18.57659615694447 -0.3952470491363533
1653339974.9277549 -140.959936348425 -18.57656104308366 -0.39539828190461157
1653339975.027755 -140.95995880017972 -18.576551089111987 -0.3953887947633561
1653339975.127755 -140.95998281535233 -18.576541300679562 -0.3953782501669832
1653339975.227755 -140.96000683052497 -18.576531512247136 -0.3953677055706103
1653339975.327755 -140.96003084569762 -18.576521723814714 -0.3953571609742374
1653339975.4277549 -140.96048073578152 -18.576535592141852 -0.39519632195538995
1653339975.527755 -140.96093335322965 -18.576549611970282 -0.39503452042942555
1653339975.627755 -140.96138597067775 -18.576563631798717 -0.3948727189034611
1653339975.727755 -140.9618385881259 -18.576577651627147 -0.3947109173774967
1653339975.827755 -140.96139773370942 -18.57636414094944 -0.39465656164426133
1653339975.9277549 -140.96095210484086 -18.576149414415326 -0.3946027800698854
1653339976.027755 -140.9605064759723 -18.575934687881208 -0.39454899849550956
1653339976.127755 -140.96006084710376 -18.575719961347094 -0.3944952169211337
1653339976.227755 -140.9602744250383 -18.575717038456848 -0.3945205211585441
1653339976.327755 -140.96049146268186 -18.575715227173717 -0.3945462404612925
1653339976.4277549 -140.96070850032544 -18.575713415890586 -0.3945719597640409
1653339976.527755 -140.960925537969 -18.575711604607456 -0.39459767906678933
1653339976.627755 -140.96111940404876 -18.575961698937707 -0.3946234250162856
1653339976.727755 -140.96131315340682 -18.57621306218767 -0.39464917110000913
1653339976.827755 -140.96150690276488 -18.57646442543763 -0.39467491718373265
1653339976.9277549 -140.96170065212294 -18.576715788687597 -0.3947006632674562
1653339977.027755 -140.96166850826546 -18.57670035465874 -0.39476735153989934
1653339977.127755 -140.96163522847849 -18.576683579009696 -0.39483424569475367
1653339977.227755 -140.96160194869148 -18.576666803360652 -0.394901139849608
1653339977.327755 -140.9615686689045 -18.576650027711608 -0.3949680340044624
1653339977.4277549 -140.9616521999994 -18.57666433666706 -0.39486694807840556
1653339977.527755 -140.96173631297765 -18.57667880046779 -0.3947650253740649
1653339977.627755 -140.96182042595586 -18.576693264268517 -0.3946631026697242
1653339977.727755 -140.9619045389341 -18.576707728069245 -0.3945611799653836
1653339977.827755 -140.96153875872716 -18.57661359844809 -0.3944924233401812
1653339977.9277549 -140.96117070231313 -18.57651891940515 -0.39442383451673124
1653339978.027755 -140.96080264589907 -18.576424240362208 -0.39435524569328123
1653339978.127755 -140.96043458948503 -18.576329561319262 -0.3942866568698313
1653339978.227755 -140.96074145427767 -18.5764224037269 -0.3942377471660726
1653339978.327755 -140.96105201901872 -18.576516274135574 -0.3941889453441344
1653339978.4277549 -140.9613625837598 -18.576610144544247 -0.3941401435221961
1653339978.527755 -140.9616731485009 -18.57670401495292 -0.3940913417002579
1653339978.627755 -140.96128197344015 -18.57675021729317 -0.3942322074816068
1653339978.727755 -140.96088722295613 -18.576796176760602 -0.39437403963534823
1653339978.827755 -140.96049247247208 -18.576842136228038 -0.3945158717890897
1653339978.9277549 -140.96009772198803 -18.57688809569547 -0.3946577039428311
1653339979.027755 -140.96025295243132 -18.57687323210774 -0.3947072109097005
1653339979.127755 -140.9604111777453 -18.57685803731364 -0.39475621512822917
1653339979.227755 -140.96056940305928 -18.576842842519543 -0.3948052193467579
1653339979.327755 -140.9607276283733 -18.576827647725445 -0.39485422356528654
1653339979.4277549 -140.96244386583962 -18.577193196074543 -0.3949859860252924
1653339981.609617 -140.9613120125993 -18.575116465520228 -0.39426136266029954
1653339981.709617 -140.9611658319133 -18.57569414999927 -0.3940663410949785
1653339981.809617 -140.96098858219307 -18.57581012896733 -0.3939324586695688
1653339981.909617 -140.9608039751346 -18.57581677323288 -0.39381305436823405
1653339982.009617 -140.96061936807612 -18.57582341749843 -0.39369365006689927
1653339982.109617 -140.96043476101767 -18.575830061763977 -0.39357424576556455
1653339982.209617 -140.9599530857247 -18.57576615265256 -0.393672384386358
1653339982.309617 -140.95940093018876 -18.57568550456143 -0.39382213565442625
1653339982.409617 -140.95884877465286 -18.575604856470306 -0.3939718869224945
1653339982.509617 -140.95829661911694 -18.57552420837918 -0.39412163819056284
1653339982.609617 -140.95835414038447 -18.575442408780336 -0.3943095968578204
1653339982.709617 -140.9585560253038 -18.57536033651923 -0.394506602547436
1653339982.809617 -140.95875791022314 -18.575278264258124 -0.3947036082370517
1653339982.909617 -140.95895979514245 -18.575196191997016 -0.39490061392666737
1653339983.009617 -140.95974166527637 -18.57527700237187 -0.3949774960700064
1653339983.109617 -140.96066128201855 -18.575396497406405 -0.3950258488462954
1653339983.209617 -140.96158089876073 -18.57551599244094 -0.3950742016225844
1653339983.309617 -140.9625005155029 -18.575635487475477 -0.39512255439887345
1653339983.409617 -140.9639493725652 -18.57602587748249 -0.3950199888042357
1653339983.509617 -140.96552400432145 -18.576480646054346 -0.39488155725003493
1653339983.609617 -140.96709863607774 -18.576935414626202 -0.39474312569583414
1653339983.709617 -140.96867326783402 -18.57739018319806 -0.39460469414163335
1653339983.809617 -140.96392941360997 -18.579113280635667 -0.39428107134479007
1653339983.909617 -140.95768778187926 -18.581137031497544 -0.39391354953819524
1653339984.009617 -140.95144615014854 -18.58316078235942 -0.39354602773160047
1653339984.109617 -140.94520451841782 -18.585184533221298 -0.3931785059250057
1653339984.209617 -140.93356570607165 -18.591568294260295 -0.3925994716532414
1653339984.309617 -140.92064527503223 -18.59898738669618 -0.39197021146751665
1653339984.409617 -140.90772484399278 -18.606406479132065 -0.39134095128179186
1653339984.509617 -140.89480441295336 -18.61382557156795 -0.3907116910960671
1653339984.609617 -140.88226420374482 -18.627508120161234 -0.390238406618356
1653339984.709617 -140.86981425093666 -18.642677477140527 -0.389802147384354
1653339984.809617 -140.85736429812852 -18.65784683411982 -0.38936588815035195
1653339984.909617 -140.84491434532035 -18.673016191099112 -0.38892962891634986
1653339985.009617 -140.83361820818922 -18.689078880313676 -0.3889681432244484
1653339985.109617 -140.82259564347606 -18.70535338070791 -0.38911922745900496
1653339985.209617 -140.81157307876293 -18.72162788110214 -0.38927031169356147
1653339985.309617 -140.80055051404977 -18.737902381496372 -0.38942139592811803
1653339985.409617 -140.7908967520839 -18.752900364912964 -0.3894228664512306
1653339985.509617 -140.7815672288719 -18.767595970010298 -0.3893888968326158
1653339985.609617 -140.77223770565988 -18.78229157510763 -0.38935492721400095
1653339985.709617 -140.76290818244786 -18.796987180204965 -0.3893209575953861
1653339985.809617 -140.7601326051132 -18.80185182246262 -0.389488055605307
1653339985.909617 -140.75892024434438 -18.80437162937122 -0.3897031113270644
1653339986.009617 -140.75770788357556 -18.806891436279823 -0.3899181670488218
1653339986.109617 -140.75649552280674 -18.809411243188425 -0.3901332227705792
1653339986.209617 -140.75610515071102 -18.80954643224296 -0.3900922611876917
1653339986.309617 -140.75591131191004 -18.80911147134424 -0.3899900871744659
1653339986.409617 -140.75571747310906 -18.80867651044552 -0.3898879131612401
1653339986.509617 -140.75552363430808 -18.8082415495468 -0.38978573914801434
1653339986.609617 -140.7555622328878 -18.808171097907103 -0.38964517819243855
1653339986.709617 -140.75565628137718 -18.80818760304444 -0.38949545970600585
1653339986.809617 -140.75575032986657 -18.808204108181783 -0.3893457412195731
1653339986.909617 -140.75584437835596 -18.808220613319122 -0.38919602273314036
1653339987.009617 -140.79967517966776 -18.80814462298613 -0.38964044024525457
1653339987.109617 -140.8539540589971 -18.808046536822335 -0.3902267882589546
1653339987.209617 -140.9082329383264 -18.80794845065854 -0.39081313627265474
1653339987.309617 -140.96251181765572 -18.807850364494744 -0.39139948428635485
1653339987.409617 -140.99199520209203 -18.778630247614334 -0.3910212426198358
1653339987.509617 -141.01555490198737 -18.742452829663613 -0.3904125588910887
1653339987.609617 -141.0391146018827 -18.70627541171289 -0.3898038751623417
1653339987.709617 -141.06267430177803 -18.67009799376217 -0.38919519143359466
1653339987.809617 -141.07067890311424 -18.665138524919456 -0.3893094025259039
1653339987.909617 -141.07497092851318 -18.66762992539972 -0.38959614881030136
1653339988.009617 -141.0792629539121 -18.670121325879986 -0.38988289509469876
1653339988.109617 -141.083554979311 -18.672612726360253 -0.39016964137909615
1653339988.209617 -141.1002646428141 -18.687717482457366 -0.38985458824220004
1653339988.309617 -141.11997920284517 -18.705874496011297 -0.3893939079758586
1653339988.409617 -141.13969376287625 -18.724031509565233 -0.38893322770951716
1653339988.509617 -141.15940832290732 -18.742188523119165 -0.3884725474431757
1653339988.609617 -141.17862995748527 -18.76455048648944 -0.38844174228559475
1653339988.709617 -141.19774031650175 -18.787861697152113 -0.38850797937605064
1653339988.809617 -141.2168506755182 -18.811172907814782 -0.38857421646650653
1653339988.909617 -141.23596103453468 -18.834484118477455 -0.38864045355696236
1653339989.009617 -141.25507139355116 -18.857795329140128 -0.38870669064741825
1653339989.109617 -141.2741817525676 -18.881106539802797 -0.38877292773787414
1653339989.209617 -141.2932921115841 -18.90441775046547 -0.38883916482833
1653339989.309617 -141.31240247060057 -18.927728961128143 -0.38890540191878586
1653339989.409617 -141.35117070675398 -18.94114067856894 -0.38940991006696646
1653339989.509617 -141.39437991053433 -18.952315972991364 -0.3900134292917559
1653339989.609617 -141.43758911431468 -18.963491267413794 -0.3906169485165453
1653339989.709617 -141.480798318095 -18.974666561836223 -0.39122046774133473
1653339989.809617 -141.49852625343902 -18.976265830987725 -0.3913269360452479
1653339989.909617 -141.51050582057837 -18.975704826237155 -0.3913212736788682
1653339990.009617 -141.5224853877177 -18.975143821486586 -0.3913156113124886
1653339990.109617 -141.53446495485704 -18.974582816736017 -0.39130994894610893
1653339990.209617 -141.5523434955047 -18.97026905685674 -0.39153607580049116
1653339990.309617 -141.57166356938166 -18.965038235524002 -0.3918188450289154
1653339990.409617 -141.59098364325865 -18.959807414191268 -0.39210161425733964
1653339990.509617 -141.61030371713562 -18.95457659285853 -0.3923843834857639
1653339990.609617 -141.63140538512832 -18.94100946478723 -0.39256337814360326
1653339990.709617 -141.65294524290297 -18.92539199068056 -0.39271684905501103
1653339990.809617 -141.6744851006776 -18.90977451657389 -0.3928703199664188
1653339990.909617 -141.69602495845226 -18.89415704246722 -0.3930237908778266
1653339991.009617 -141.7076487526255 -18.871834678924216 -0.39350474948127906
1653339991.109617 -141.71685049860332 -18.84787461255754 -0.39406569859360874
1653339991.209617 -141.72605224458115 -18.823914546190863 -0.39462664770593847
1653339991.309617 -141.735253990559 -18.79995447982419 -0.39518759681826815
1653339991.409617 -141.70575149484677 -18.784567542589144 -0.394612184712859
1653339991.509617 -141.6667958085651 -18.771274521160713 -0.39375922578885986
1653339991.609617 -141.62784012228343 -18.757981499732285 -0.39290626686486063
1653339991.709617 -141.58888443600176 -18.744688478303853 -0.39205330794086146
1653339991.809617 -141.56384169788825 -18.745305924213525 -0.39185513039270875
1653339991.909617 -141.54219417605674 -18.74931798100118 -0.39181674100458846
1653339992.009617 -141.52054665422523 -18.75333003778883 -0.3917783516164681
1653339992.109617 -141.49889913239372 -18.757342094576487 -0.39173996222834784
1653339992.209617 -141.48891560254552 -18.760991136756257 -0.39219769244964225
1653339992.309617 -141.4817589311288 -18.764552199545566 -0.39277566108527434
1653339992.409617 -141.4746022597121 -18.76811326233487 -0.39335362972090643
1653339992.509617 -141.46744558829542 -18.77167432512418 -0.39393159835653857
1653339992.609617 -141.44980372620353 -18.76812888789939 -0.39428325614606785
1653339992.709617 -141.42961778736998 -18.762859163347798 -0.39458000294944656
1653339992.809617 -141.40943184853643 -18.757589438796206 -0.39487674975282533
1653339992.909617 -141.3892459097029 -18.752319714244614 -0.39517349655620404
1653339993.009617 -141.35329803647141 -18.739440625206303 -0.3947259774930378
1653339993.109617 -141.31352689980693 -18.72471578524326 -0.39409792700522744
1653339993.209617 -141.27375576314245 -18.70999094528021 -0.39346987651741716
1653339993.309617 -141.23398462647796 -18.695266105317167 -0.3928418260296068
1653339993.409617 -141.18946102800615 -18.68613781094874 -0.39245580846444633
1653339993.509617 -141.14378088706684 -18.678371472323192 -0.3921286911840054
1653339993.609617 -141.09810074612753 -18.67060513369764 -0.39180157390356446
1653339993.709617 -141.05242060518825 -18.662838795072094 -0.3914744566231235
1653339993.809617 -141.01562909096464 -18.658997445596217 -0.39123310775636877
1653339993.909617 -140.98099483368128 -18.656108685350866 -0.39101257476045637
1653339994.009617 -140.94636057639792 -18.653219925105518 -0.3907920417645439
1653339994.109617 -140.91172631911456 -18.65033116486017 -0.39057150876863145
1653339994.209617 -140.88726399245684 -18.65159631466384 -0.39080679560422243
1653339994.309617 -140.86526698651443 -18.653868227182514 -0.3911525572468509
1653339994.409617 -140.84326998057202 -18.656140139701186 -0.39149831888947934
1653339994.509617 -140.82127297462964 -18.658412052219862 -0.3918440805321078
1653339994.609617 -140.81625211526176 -18.65958815404753 -0.3922263053612218
1653339994.709617 -140.81535877043157 -18.66049782470733 -0.3926173957082936
1653339994.809617 -140.8144654256014 -18.661407495367136 -0.3930084860553655
1653339994.909617 -140.81357208077122 -18.662317166026938 -0.3933995764024373
1653339995.009617 -140.81331218678122 -18.662541665062616 -0.3934484477160701
1653339995.109617 -140.8132062338297 -18.662599653889938 -0.3934141530599612
1653339995.209617 -140.8131002808782 -18.662657642717264 -0.39337985840385226
1653339995.309617 -140.81299432792667 -18.662715631544586 -0.39334556374774327
1653339995.409617 -140.81307341460146 -18.66260066887847 -0.3934118262159583
1653339995.509617 -140.81319734991695 -18.662443787410712 -0.39350246103311565
1653339995.609617 -140.81332128523243 -18.662286905942953 -0.39359309585027297
1653339995.709617 -140.81344522054792 -18.662130024475193 -0.3936837306674303
1653339995.809617 -140.813302293934 -18.66208995368926 -0.3936569550625322
1653339995.909617 -140.81309468675553 -18.66207819485046 -0.3936017221486765
1653339996.009617 -140.8128870795771 -18.662066436011656 -0.39354648923482083
1653339996.109617 -140.81267947239866 -18.662054677172854 -0.3934912563209652
1653339996.209617 -140.812600210919 -18.66205540056911 -0.3934071771340369
1653339996.309617 -140.81255203895296 -18.662059147569746 -0.39331611043907583
1653339996.409617 -140.81250386698696 -18.662062894570383 -0.3932250437441148
1653339996.509617 -140.81245569502093 -18.66206664157102 -0.39313397704915376
1653339996.609617 -140.81254006157252 -18.662113364785913 -0.39306352926347987
1653339996.709617 -140.81265629050276 -18.662170419521303 -0.3929980382821116
1653339996.809617 -140.812772519433 -18.662227474256692 -0.39293254730074334
1653339996.909617 -140.8128887483632 -18.662284528992082 -0.392867056319375
1653339997.009617 -140.81301728969515 -18.662414523496903 -0.3929380724166006
1653339997.109617 -140.81314876885844 -18.662561921977574 -0.39304166012622505
1653339997.209617 -140.81328024802173 -18.662709320458244 -0.3931452478358495
1653339997.309617 -140.813411727185 -18.66285671893891 -0.3932488355454739
1653339997.409617 -140.81327427456372 -18.662884008411627 -0.3933061842603516
1653339997.509617 -140.813072559918 -18.662882597490967 -0.3933524840342621
1653339997.609617 -140.81287084527227 -18.662881186570306 -0.3933987838081726
1653339997.709617 -140.81266913062652 -18.662879775649643 -0.39344508358208313
1653339997.809617 -140.81257152856202 -18.662893985184244 -0.393392112833181
1653339997.909617 -140.81249873305805 -18.662911916553078 -0.3933154892249967
1653339998.009617 -140.81242593755405 -18.662929847921916 -0.3932388656168125
1653339998.109617 -140.81235314205009 -18.66294777929075 -0.3931622420086282
1653339998.209617 -140.8123709313754 -18.662991346434257 -0.3930273094954447
1653339998.309617 -140.812410142482 -18.663040976005234 -0.39287858791163305
1653339998.409617 -140.8124493535886 -18.663090605576215 -0.3927298663278214
1653339998.509617 -140.81248856469517 -18.663140235147196 -0.3925811447440098
1653339998.609617 -140.81235132091302 -18.663075218065252 -0.3925578696625951
1653339998.709617 -140.8121718777202 -18.662982783090715 -0.3925645952714837
1653339998.809617 -140.81199243452738 -18.66289034811618 -0.39257132088037233
1653339998.909617 -140.81181299133456 -18.662797913141645 -0.3925780464892609
1653339999.009617 -140.81179059161778 -18.66284121886785 -0.39260641217697745
1653339999.109617 -140.81180568203487 -18.662916929232395 -0.39263994388287565
1653339999.209617 -140.81182077245197 -18.66299263959694 -0.3926734755887739
1653339999.309617 -140.81183586286906 -18.663068349961485 -0.3927070072946721
1653339999.409617 -140.81193050929775 -18.663310825247592 -0.39277997709160833
1653339999.509617 -140.81204415305544 -18.663593122641615 -0.3928623643841578
1653339999.609617 -140.81215779681312 -18.663875420035637 -0.3929447516767072
1653339999.709617 -140.8122714405708 -18.66415771742966 -0.39302713896925673
1653339999.809617 -140.8122186814251 -18.664221005703016 -0.3931630014273664
1653339999.909617 -140.81212603649288 -18.664231798792454 -0.3933116815646782
1653340000.009617 -140.8120333915607 -18.664242591881894 -0.39346036170199006
1653340000.109617 -140.8119407466285 -18.664253384971335 -0.39360904183930195
1653340000.209617 -140.81188507729374 -18.66418595787679 -0.39370736666064515
1653340000.309617 -140.81183824213954 -18.664099842477565 -0.3937936606296052
1653340000.409617 -140.81179140698535 -18.66401372707834 -0.3938799545985653
1653340000.509617 -140.81174457183113 -18.663927611679117 -0.3939662485675253
1653340000.609617 -140.81171818628087 -18.663874644343643 -0.3939062158228496
1653340000.709617 -140.81169667586673 -18.663829579426388 -0.3938112991435678
1653340000.809617 -140.81167516545256 -18.663784514509135 -0.393716382464286
1653340000.909617 -140.8116536550384 -18.663739449591883 -0.3936214657850041
1653340001.009617 -140.81166167522875 -18.663686009420022 -0.39357670713760556
1653340001.109617 -140.81167668071652 -18.663630588129067 -0.39354381308885394
1653340001.209617 -140.81169168620428 -18.66357516683811 -0.3935109190401024
1653340001.309617 -140.81170669169205 -18.66351974554716 -0.39347802499135076
1653340001.409617 -140.81154851747118 -18.663445028832832 -0.3934753705384499
1653340001.509617 -140.8113496872238 -18.663365782285016 -0.39347981519560504
1653340001.609617 -140.8111508569764 -18.663286535737196 -0.3934842598527602
1653340001.709617 -140.810952026729 -18.66320728918938 -0.39348870450991535
1653340001.809617 -140.81134159191112 -18.66317455549182 -0.39349839885772464
1653340001.909617 -140.8118691903653 -18.663152733369355 -0.39350932474463507
1653340002.009617 -140.81239678881946 -18.663130911246892 -0.3935202506315455
1653340002.109617 -140.81292438727363 -18.663109089124426 -0.3935311765184559
1653340002.209617 -140.81276392559153 -18.663126958075082 -0.3935379446427181
1653340002.309617 -140.81244354414682 -18.66315405207259 -0.39354374641479567
1653340002.409617 -140.8121231627021 -18.663181146070094 -0.39354954818687327
1653340002.509617 -140.8118027812574 -18.6632082400676 -0.39355534995895086
1653340002.609617 -140.811723298873 -18.663236486225845 -0.3935359232910542
1653340002.709617 -140.81170441263237 -18.663265022200484 -0.3935101506200933
1653340002.809617 -140.81168552639173 -18.663293558175123 -0.3934843779491324
1653340002.909617 -140.81166664015106 -18.663322094149763 -0.39345860527817145
1653340003.009617 -140.8115582797065 -18.66336196492764 -0.39346159481044324
1653340003.109617 -140.8114290458081 -18.663404480003887 -0.393471294282514
1653340003.209617 -140.81129981190966 -18.66344699508014 -0.3934809937545848
1653340003.309617 -140.81117057801126 -18.66348951015639 -0.39349069322665553
1653340003.409617 -140.8112547720386 -18.66351240801591 -0.3934186797277648
1653340003.509617 -140.81138875701646 -18.6635307293428 -0.39332760327598915
1653340003.609617 -140.8115227419943 -18.663549050669687 -0.3932365268242135
1653340003.709617 -140.8116567269722 -18.663567371996574 -0.39314545037243787
1653340003.809617 -140.81168694887555 -18.6635044766735 -0.39310013895862633
1653340003.909617 -140.81169286038582 -18.663422553303167 -0.3930655497219231
1653340004.009617 -140.8116987718961 -18.663340629932836 -0.39303096048521985
1653340004.109617 -140.81170468340636 -18.6632587065625 -0.39299637124851666
1653340004.209617 -140.81150891559355 -18.66317283777604 -0.3929774866847679
1653340004.309617 -140.81126579100845 -18.663086042557605 -0.39296228977034814
1653340004.409617 -140.81102266642336 -18.66299924733917 -0.3929470928559284
1653340004.509617 -140.81077954183826 -18.662912452120732 -0.3929318959415086
1653340004.609617 -140.81064606613396 -18.662800134433333 -0.39286239497849496
1653340004.709617 -140.81053843801175 -18.66268180032236 -0.3927800928966458
1653340004.809617 -140.8104308098895 -18.662563466211385 -0.3926977908147966
1653340004.909617 -140.8103231817673 -18.66244513210041 -0.3926154887329474
1653340005.009617 -140.8103861917637 -18.662389410639463 -0.3926828751061401
1653340005.109617 -140.81048968225463 -18.66234854278248 -0.39278577208347015
1653340005.209617 -140.8105931727455 -18.662307674925493 -0.3928886690608002
1653340005.309617 -140.81069666323643 -18.662266807068512 -0.3929915660381303
1653340005.409617 -140.81072220233844 -18.662277031308893 -0.39302345867521254
1653340005.509617 -140.81072928872447 -18.662299350111965 -0.39303854310733394
1653340005.609617 -140.8107363751105 -18.662321668915038 -0.39305362753945533
1653340005.709617 -140.81074346149654 -18.66234398771811 -0.3930687119715768
1653340005.809617 -140.81070748736533 -18.662477471341624 -0.39300979818784487
1653340005.909617 -140.81066129455803 -18.662637335449265 -0.3929333239137457
1653340006.009617 -140.81061510175073 -18.662797199556902 -0.39285684963964645
1653340006.109617 -140.81056890894342 -18.662957063664543 -0.3927803753655473
1653340006.209617 -140.8106281142744 -18.662996757712744 -0.3927794157198315
1653340006.309617 -140.81071234291156 -18.663007921350058 -0.3927963845280557
1653340006.409617 -140.8107965715487 -18.663019084987372 -0.39281335333628
1653340006.509617 -140.81088080018588 -18.663030248624686 -0.3928303221445042
1653340006.609617 -140.81103361897567 -18.662954035767104 -0.3928776640918978
1653340006.709617 -140.81120266377832 -18.662857152710217 -0.3929321912535855
1653340006.809617 -140.81137170858094 -18.662760269653333 -0.3929867184152732
1653340006.909617 -140.81154075338355 -18.662663386596446 -0.3930412455769609
1653340007.009617 -140.8115049225717 -18.662562554717727 -0.3928854774833124
1653340007.109617 -140.81142062735177 -18.662460788724363 -0.39267996293693996
1653340007.209617 -140.81133633213182 -18.662359022730996 -0.39247444839056755
1653340007.309617 -140.8112520369119 -18.662257256737632 -0.39226893384419514
1653340007.409617 -140.8113851000527 -18.66232244591522 -0.3923123708742124
1653340007.509617 -140.81156954037172 -18.662427098426736 -0.3924146527973569
1653340007.609617 -140.81175398069075 -18.662531750938257 -0.3925169347205014
1653340007.709617 -140.81193842100978 -18.662636403449778 -0.3926192166436459
1653340007.809617 -140.8120918236796 -18.662707133945222 -0.3926852520998843
1653340007.909617 -140.81223727608773 -18.662769175351407 -0.3927420030611912
1653340008.009617 -140.81238272849586 -18.662831216757592 -0.39279875402249814
1653340008.109617 -140.812528180904 -18.662893258163777 -0.39285550498380506
1653340008.209617 -140.81230609129767 -18.662973327894033 -0.3928313381195586
1653340008.309617 -140.81198984595304 -18.663058016062717 -0.39278644198543766
1653340008.409617 -140.8116736006084 -18.6631427042314 -0.39274154585131676
1653340008.509617 -140.8113573552638 -18.66322739240009 -0.39269664971719587
1653340008.609617 -140.81134042181682 -18.663246938833947 -0.3927901154929141
1653340008.709617 -140.81140016783758 -18.663249796878233 -0.39291902762970027
1653340008.809617 -140.81145991385833 -18.663252654922523 -0.3930479397664864
1653340008.909617 -140.81151965987908 -18.66325551296681 -0.39317685190327256
1653340009.009617 -140.81159694342014 -18.663220822746467 -0.39318589581737945
1653340009.109617 -140.81167879386615 -18.66317635466977 -0.39316372512612086
1653340009.209617 -140.81176064431213 -18.663131886593074 -0.39314155443486226
1653340009.309617 -140.81184249475814 -18.663087418516376 -0.39311938374360367
1653340009.409617 -140.81176713673045 -18.66301726212867 -0.3930406355843299
1653340009.509617 -140.81165393153628 -18.662940921406488 -0.392948266678026
1653340009.609617 -140.81154072634212 -18.662864580684307 -0.3928558977717222
1653340009.709617 -140.81142752114795 -18.662788239962126 -0.3927635288654183
1653340009.809617 -140.81151299426733 -18.662793128981768 -0.3926645538875081
1653340009.909617 -140.811646205929 -18.66281753593166 -0.3925639915988182
1653340010.009617 -140.81177941759069 -18.66284194288155 -0.39246342931012834
1653340010.109617 -140.81191262925236 -18.66286634983144 -0.39236286702143847
1653340010.209617 -140.81196098927578 -18.662915330209827 -0.39237622531984173
1653340010.309617 -140.81198890368086 -18.66297023173423 -0.39241703361086133
1653340010.409617 -140.81201681808597 -18.66302513325864 -0.392457841901881
1653340010.509617 -140.81204473249105 -18.663080034783043 -0.3924986501929006
1653340010.609617 -140.81233290313776 -18.663148579764673 -0.3925545582146639
1653340010.709617 -140.81268385265648 -18.663220415813793 -0.3926141085854361
1653340010.809617 -140.81303480217517 -18.663292251862913 -0.3926736589562083
1653340010.909617 -140.8133857516939 -18.66336408791203 -0.3927332093269805
1653340011.009617 -140.81328941446714 -18.663363491584366 -0.39268006144861967
1653340011.109617 -140.81308525130794 -18.66334543422384 -0.3925997457770774
1653340011.209617 -140.81288108814877 -18.66332737686331 -0.3925194301055352
1653340011.309617 -140.8126769249896 -18.66330931950278 -0.39243911443399293
1653340011.409617 -140.81281549203484 -18.663172184712675 -0.3923830579342421
1653340011.509617 -140.8130368138696 -18.66300629778025 -0.3923328589942518
1653340011.609617 -140.8132581357043 -18.662840410847824 -0.39228266005426154
1653340011.709617 -140.81347945753902 -18.662674523915403 -0.39223246111427124
1653340011.809617 -140.81349557888774 -18.66249726399937 -0.3920735048062072
1653340011.909617 -140.81346194898344 -18.66231724668156 -0.3918881800647985
1653340012.009617 -140.81342831907912 -18.662137229363747 -0.3917028553233897
1653340012.109617 -140.81339468917483 -18.661957212045937 -0.391517530581981
1653340012.209617 -140.813582687708 -18.66189218424624 -0.3915393431704813
1653340012.309617 -140.81382440286487 -18.661855026735886 -0.3916113601377131
1653340012.409617 -140.81406611802174 -18.66181786922553 -0.39168337710494483
1653340012.509617 -140.81430783317862 -18.661780711715174 -0.3917553940721766
1653340012.609617 -140.81398767950526 -18.661759544840802 -0.39190393810766594
1653340012.709617 -140.81353039728646 -18.661742280607996 -0.39207115918126917
1653340012.809617 -140.81307311506765 -18.661725016375193 -0.39223838025487234
1653340012.909617 -140.81261583284885 -18.661707752142387 -0.3924056013284756
1653340013.009617 -140.81264735152408 -18.661790134220066 -0.3923838179013268
1653340013.109617 -140.8127973470981 -18.661896668843266 -0.3923162230458765
1653340013.209617 -140.81294734267215 -18.662003203466465 -0.3922486281904262
1653340013.309617 -140.81309733824617 -18.662109738089665 -0.3921810333349759
1653340013.409617 -140.8132018954684 -18.6622524046915 -0.3921371164029037
1653340013.509617 -140.81329544734405 -18.662403822599988 -0.3920989343565495
1653340013.609617 -140.81338899921965 -18.66255524050847 -0.3920607523101954
1653340013.709617 -140.81348255109526 -18.66270665841696 -0.39202257026384124
1653340013.809617 -140.81330557394998 -18.662766386964343 -0.3920443027755365
1653340013.909617 -140.81306350361868 -18.66280405372843 -0.39208045159442917
1653340014.009617 -140.8128214332874 -18.662841720492512 -0.3921166004133218
1653340014.109617 -140.81257936295611 -18.662879387256595 -0.3921527492322145
1653340014.209617 -140.81247468251723 -18.662968472030567 -0.3921838308732193
1653340014.309617 -140.81240334054021 -18.66307003368572 -0.39221368293383857
1653340014.409617 -140.8123319985632 -18.663171595340874 -0.39224353499445785
1653340014.509617 -140.81226065658618 -18.663273156996027 -0.39227338705507714
1653340014.609617 -140.81239918593724 -18.66330765471751 -0.3923805932921784
1653340014.709617 -140.8125933244113 -18.66332438266277 -0.39250829588747244
1653340014.809617 -140.81278746288535 -18.663341110608027 -0.3926359984827665
1653340014.909617 -140.81298160135944 -18.66335783855329 -0.3927637010780605
1653340015.009617 -140.81291526983358 -18.663312460650033 -0.3927182469373536
1653340015.109617 -140.81277996946457 -18.663250637979516 -0.39262694329467845
1653340015.209617 -140.81264466909553 -18.663188815309 -0.3925356396520033
1653340015.309617 -140.81250936872652 -18.663126992638485 -0.39244433600932815
1653340015.409617 -140.81275477292417 -18.663132925008533 -0.3923667008447052
1653340015.509617 -140.81310094524267 -18.66315679135866 -0.39229268356903985
1653340015.609617 -140.81344711756114 -18.663180657708786 -0.39221866629337443
1653340015.709617 -140.8137932898796 -18.663204524058912 -0.39214464901770907
1653340015.809617 -140.81374100499374 -18.663153034524637 -0.3921790374491797
1653340015.909617 -140.81359123634198 -18.66308310894425 -0.39223994766632686
1653340016.009617 -140.8134414676902 -18.66301318336386 -0.392300857883474
1653340016.109617 -140.81329169903844 -18.66294325778347 -0.3923617681006212
1653340016.209617 -140.81314448049218 -18.66287018742384 -0.39251943835210873
1653340016.309617 -140.81299788695253 -18.66279634630869 -0.39270082356893943
1653340016.409617 -140.8128512934129 -18.662722505193535 -0.3928822087857701
1653340016.509617 -140.81270469987328 -18.662648664078386 -0.39306359400260077
1653340016.609617 -140.81259366632784 -18.662534491394773 -0.39301178403717285
1653340016.709617 -140.81249204052105 -18.662409648606655 -0.392898280042456
1653340016.809617 -140.81239041471423 -18.662284805818533 -0.39278477604773926
1653340016.909617 -140.8122887889074 -18.662159963030412 -0.3926712720530225
1653340017.009617 -140.81235477494724 -18.66215059013487 -0.3926383729171909
1653340017.109617 -140.81246546239294 -18.66217201259563 -0.39262697077328973
1653340017.209617 -140.81257614983866 -18.66219343505639 -0.39261556862938857
1653340017.309617 -140.81268683728436 -18.66221485751715 -0.3926041664854874
1653340017.409617 -140.8126000221822 -18.66238832808516 -0.3926151862737632
1653340017.509617 -140.81246065296077 -18.66260225764702 -0.39263217238961995
1653340017.609617 -140.81232128373932 -18.66281618720888 -0.3926491585054767
1653340017.709617 -140.81218191451788 -18.66303011677074 -0.3926661446213335
1653340017.809617 -140.81200538637458 -18.66309922772159 -0.39270910993356867
1653340017.909617 -140.81181898391924 -18.663129855743186 -0.39275897874784327
1653340018.009617 -140.81163258146387 -18.66316048376478 -0.39280884756211787
1653340018.109617 -140.8114461790085 -18.663191111786375 -0.39285871637639247
1653340018.209617 -140.8112238758355 -18.663162550430513 -0.3927904219964103
1653340018.309617 -140.81099281337737 -18.663119547674352 -0.3926932974097004
1653340018.409617 -140.81076175091926 -18.663076544918194 -0.39259617282299053
1653340018.509617 -140.8105306884611 -18.663033542162037 -0.3924990482362807
1653340018.609617 -140.8106276613893 -18.66309775942597 -0.3924615577637542
1653340018.709617 -140.8108048683332 -18.663188201582514 -0.3924386531702379
1653340018.809617 -140.8109820752771 -18.663278643739062 -0.3924157485767216
1653340018.909617 -140.811159282221 -18.663369085895607 -0.39239284398320534
1653340019.009617 -140.81122612974139 -18.663358573895476 -0.3924345614277467
1653340019.109617 -140.81126594805758 -18.66332333622693 -0.3924921060867155
1653340019.209617 -140.81130576637378 -18.66328809855839 -0.3925496507456843
1653340019.309617 -140.81134558469 -18.663252860889845 -0.3926071954046531
1653340019.409617 -140.8114343259291 -18.663231797009683 -0.39261065384389626
1653340019.509617 -140.81153503154 -18.663214199407967 -0.39260088519855557
1653340019.609617 -140.81163573715085 -18.663196601806252 -0.39259111655321494
1653340019.709617 -140.8117364427617 -18.663179004204537 -0.39258134790787425
1653340019.809617 -140.81178421134393 -18.66321088369419 -0.3924988776781222
1653340019.909617 -140.81181901033702 -18.66325488508724 -0.3923985955366646
1653340020.009617 -140.8118538093301 -18.663298886480288 -0.392298313395207
1653340020.109617 -140.8118886083232 -18.663342887873338 -0.3921980312537494
1653340020.209617 -140.81172508452485 -18.663261153699224 -0.39218050112513314
1653340020.309617 -140.81151301745015 -18.663148643352912 -0.39218322612603007
1653340020.409617 -140.81130095037548 -18.663036133006596 -0.392185951126927
1653340020.509617 -140.81108888330078 -18.662923622660283 -0.3921886761278239
1653340020.609617 -140.81117228357607 -18.662796022460313 -0.3923078130300738
1653340020.709617 -140.81132798044013 -18.66266472999132 -0.39245543424154467
1653340020.809617 -140.81148367730418 -18.662533437522324 -0.39260305545301555
1653340020.909617 -140.81163937416824 -18.66240214505333 -0.3927506766644864
1653340021.009617 -140.81185014356183 -18.66236056784636 -0.3926649028245326
1653340021.109617 -140.81207437750558 -18.662340924907813 -0.3925220667903415
1653340021.209617 -140.81229861144934 -18.66232128196927 -0.39237923075615044
1653340021.309617 -140.8125228453931 -18.662301639030726 -0.39223639472195937
1653340021.409617 -140.81239652923855 -18.662351828675252 -0.3921631621247744
1653340021.509617 -140.8121776055593 -18.662420466532154 -0.39210831720468403
1653340021.609617 -140.81195868188004 -18.662489104389056 -0.3920534722845937
1653340021.709617 -140.8117397582008 -18.66255774224596 -0.39199862736450336
1653340021.809617 -140.81202474983255 -18.662604736884205 -0.3919694975662704
1653340021.909617 -140.81243283423092 -18.66264644467444 -0.39194664927094786
1653340022.009617 -140.81284091862926 -18.66268815246467 -0.39192380097562524
1653340022.109617 -140.81324900302764 -18.662729860254906 -0.3919009526803026
1653340022.209617 -140.8132987609314 -18.66272317236501 -0.391921010708705
1653340022.309617 -140.8132607838085 -18.662704634957002 -0.39195157420492044
1653340022.409617 -140.81322280668556 -18.662686097548995 -0.3919821377011359
1653340022.509617 -140.81318482956266 -18.66266756014099 -0.3920127011973513
1653340022.609617 -140.81318824766413 -18.662655864156342 -0.3921276048831998
1653340022.709617 -140.81320180788435 -18.66264584436814 -0.3922631725038324
1653340022.809617 -140.81321536810458 -18.662635824579937 -0.39239874012446496
1653340022.909617 -140.81322892832478 -18.662625804791734 -0.39253430774509757
1653340023.009617 -140.81292051140258 -18.662599332816594 -0.39265823094244745
1653340023.109617 -140.81253330847434 -18.662568835083327 -0.3927793048145441
1653340023.209617 -140.8121461055461 -18.662538337350057 -0.39290037868664074
1653340023.309617 -140.81175890261787 -18.662507839616786 -0.39302145255873744
1653340023.409617 -140.81203781247754 -18.662517239961602 -0.392937743413059
1653340023.509617 -140.81247953536194 -18.66253639229871 -0.3928039806681342
1653340023.609617 -140.81292125824635 -18.66255554463582 -0.3926702179232095
1653340023.709617 -140.81336298113078 -18.662574696972925 -0.3925364551782847
1653340023.809617 -140.81321135809296 -18.662469752938733 -0.3924938900326186
1653340023.909617 -140.81291502891517 -18.662334544085653 -0.3924735663013951
1653340024.009617 -140.81261869973736 -18.66219933523257 -0.3924532425701717
1653340024.109617 -140.81232237055957 -18.66206412637949 -0.3924329188389483
1653340024.209617 -140.80824834563933 -18.66142472279616 -0.3924409510936214
1653340024.309617 -140.8031829239446 -18.66065300124352 -0.3924564249303786
1653340024.409617 -140.79811750224985 -18.659881279690886 -0.3924718987671358
1653340024.509617 -140.7930520805551 -18.659109558138248 -0.39248737260389294
1653340024.609617 -140.77900773952325 -18.65627390204825 -0.3922994682659344
1653340024.709617 -140.7627487149239 -18.652929168893106 -0.3920613999511516
1653340024.809617 -140.74648969032455 -18.64958443573796 -0.3918233316363688
1653340024.909617 -140.7302306657252 -18.646239702582818 -0.391585263321586
1653340025.009617 -140.71157878076565 -18.64145386662987 -0.3913465454400672
1653340025.109617 -140.69233722518302 -18.636312900892143 -0.3911076674863485
1653340025.209617 -140.67309566960037 -18.63117193515442 -0.3908687895326299
1653340025.309617 -140.65385411401772 -18.626030969416693 -0.3906299115789112
1653340025.409617 -140.62383237771752 -18.618057369464406 -0.39053765634569065
1653340025.509617 -140.59115611045647 -18.60938625660206 -0.3904815057531364
1653340025.609617 -140.55847984319544 -18.600715143739716 -0.3904253551605822
1653340025.709617 -140.5258035759344 -18.592044030877368 -0.3903692045680279
1653340025.809617 -140.46429146724748 -18.581182187904993 -0.3901603583125075
1653340025.909617 -140.39567370750848 -18.569780511068185 -0.3899138851994184
1653340026.009617 -140.32705594776945 -18.558378834231373 -0.38966741208632927
1653340026.109617 -140.25843818803045 -18.546977157394565 -0.38942093897324015
1653340026.209617 -140.16792764040608 -18.532977812066136 -0.38865990708461307
1653340026.309617 -140.07201402428572 -18.51833737064417 -0.3877718837719611
1653340026.409617 -139.97610040816534 -18.5036969292222 -0.38688386045930917
1653340026.509617 -139.88018679204498 -18.489056487800234 -0.38599583714665725
1653340026.609617 -139.77783482662116 -18.47308387155387 -0.3842492172248349
1653340026.709617 -139.67389582044476 -18.45678287676882 -0.38229095488590714
1653340026.809617 -139.56995681426835 -18.440481881983768 -0.38033269254697943
1653340026.909617 -139.46601780809195 -18.424180887198712 -0.37837443020805167
1653340027.009617 -139.36668917556764 -18.40828356596088 -0.37784415420071243
1653340027.109617 -139.26849804013924 -18.392485841311586 -0.37766619894386144
1653340027.209617 -139.1703069047108 -18.37668811666229 -0.37748824368701045
1653340027.309617 -139.07211576928236 -18.360890392012994 -0.37731028843015946
1653340027.409617 -138.97382303907906 -18.344744900147564 -0.3779874150002363
1653340027.509617 -138.87550542916023 -18.328514242982965 -0.3788739439987918
1653340027.609617 -138.77718781924142 -18.312283585818367 -0.37976047299734733
1653340027.709617 -138.6788702093226 -18.29605292865377 -0.38064700199590285
1653340027.809617 -138.57875841385186 -18.27974575120906 -0.38096459417939715
1653340027.909617 -138.47820871859835 -18.26341989776175 -0.3811433282010655
1653340028.009617 -138.37765902334485 -18.247094044314437 -0.38132206222273385
1653340028.109617 -138.27710932809134 -18.230768190867124 -0.3815007962444022
1653340028.209617 -138.1798492932407 -18.214558747913593 -0.3826710667504911
1653340028.309617 -138.08339610661665 -18.198377856721933 -0.38408452936644116
1653340028.409617 -137.98694291999263 -18.182196965530274 -0.3854979919823912
1653340028.509617 -137.89048973336858 -18.166016074338614 -0.38691145459834125
1653340028.609617 -137.79440353280904 -18.14938184642806 -0.38764589394201976
1653340028.709617 -137.69840696447355 -18.132636896116058 -0.3882144894786409
1653340028.809617 -137.60241039613805 -18.11589194580406 -0.38878308501526204
1653340028.909617 -137.50641382780256 -18.09914699549206 -0.38935168055188313
1653340029.009617 -137.4078842947693 -18.084028621433916 -0.38936087605212455
1653340029.109617 -137.30868687658239 -18.069339138521492 -0.38922257049181014
1653340029.209617 -137.20948945839547 -18.054649655609065 -0.38908426493149567
1653340029.309617 -137.11029204020852 -18.03996017269664 -0.38894595937118126
1653340029.409617 -137.0118796081664 -18.02703332414906 -0.38950339338149836
1653340029.509617 -136.91367360771113 -18.014570004048984 -0.390243789377282
1653340029.609617 -136.81546760725587 -18.00210668394891 -0.3909841853730657
1653340029.709617 -136.71726160680058 -17.98964336384883 -0.3917245813688493
1653340029.809617 -136.61738627265473 -17.978196056988413 -0.3919043117539168
1653340029.909617 -136.51707250177287 -17.9670155976319 -0.39193678793706294
1653340030.009617 -136.41675873089102 -17.955835138275386 -0.39196926412020905
1653340030.109617 -136.31644496000916 -17.944654678918873 -0.39200174030335516
1653340030.209617 -136.2163750529166 -17.933594564405563 -0.3920656205783232
1653340030.309617 -136.11636494697416 -17.92256396128491 -0.3921372018769514
1653340030.409617 -136.01635484103176 -17.91153335816426 -0.39220878317557956
1653340030.509617 -135.91634473508933 -17.900502755043608 -0.3922803644742077
1653340030.609617 -135.81745076542342 -17.889551466232916 -0.3925276111494865
1653340030.709617 -135.71882973328118 -17.87861957277009 -0.3928178146517342
1653340030.809617 -135.62020870113898 -17.86768767930727 -0.39310801815398194
1653340030.909617 -135.52158766899674 -17.856755785844445 -0.39339822165622973
1653340031.009617 -135.42232869914886 -17.845948180327703 -0.3935055834842717
1653340031.109617 -135.32291354231685 -17.835171004364323 -0.3935681799858421
1653340031.209617 -135.22349838548485 -17.824393828400943 -0.3936307764874124
1653340031.309617 -135.12408322865284 -17.813616652437563 -0.3936933729889827
1653340031.409617 -135.0252429891867 -17.802758269013857 -0.39408000359655315
1653340031.509617 -134.92655480755923 -17.791878407319302 -0.39455233682634405
1653340031.609617 -134.82786662593176 -17.780998545624744 -0.39502467005613495
1653340031.709617 -134.72917844430427 -17.770118683930185 -0.3954970032859259
1653340031.809617 -134.62925629803152 -17.758776600105808 -0.39566817416656075
1653340031.909617 -134.52900772652907 -17.74731224295255 -0.3957596774575477
1653340032.009617 -134.42875915502663 -17.73584788579929 -0.3958511807485346
1653340032.109617 -134.32851058352418 -17.72438352864603 -0.39594268403952154
1653340032.209617 -134.22826201202173 -17.71291917149277 -0.3960341873305085
1653340032.309617 -134.1280134405193 -17.701454814339513 -0.39612569062149544
1653340032.409617 -134.02776486901686 -17.68999045718625 -0.3962171939124824
1653340032.509617 -133.92751629751442 -17.678526100032993 -0.39630869720346934
1653340032.609617 -133.82718776101925 -17.66598582070973 -0.3963059098126321
1653340032.709617 -133.72683805712438 -17.65316073582551 -0.39627816289286394
1653340032.809617 -133.62648835322955 -17.64033565094129 -0.39625041597309574
1653340032.909617 -133.52613864933468 -17.62751056605707 -0.3962226690533276
1653340033.009617 -133.4278943154276 -17.614661476202166 -0.3966455543752323
1653340033.109617 -133.330206330599 -17.601806042976072 -0.397187520349858
1653340033.209617 -133.23251834577036 -17.588950609749983 -0.3977294863244836
1653340033.309617 -133.13483036094172 -17.57609517652389 -0.3982714522991093
1653340033.409617 -133.03690629785626 -17.56349361882727 -0.3993557087643608
1653340033.509617 -132.93891986095946 -17.55095913712734 -0.40058324282407537
1653340033.609617 -132.84093342406265 -17.538424655427413 -0.40181077688378997
1653340033.709617 -132.74294698716588 -17.525890173727483 -0.40303831094350456
1653340033.809617 -132.64396102707653 -17.513290429307794 -0.4035700377732659
1653340033.909617 -132.54471098324004 -17.50067344184291 -0.4039179255666406
1653340034.009617 -132.44546093940355 -17.488056454378025 -0.40426581336001527
1653340034.109617 -132.34621089556708 -17.47543946691314 -0.40461370115338996
1653340034.209617 -132.24761654712526 -17.4633127762252 -0.40469941483987326
1653340034.309617 -132.14919539331328 -17.451315591965823 -0.4047158781583301
1653340034.409617 -132.0507742395013 -17.439318407706445 -0.404732341476787
1653340034.509617 -131.95235308568934 -17.42732122344707 -0.40474880479524383
1653340034.609617 -131.85273678127768 -17.415099139646795 -0.4041989449288887
1653340034.709617 -131.75280357254937 -17.402817421826043 -0.4034989196675022
1653340034.809617 -131.65287036382102 -17.390535704005288 -0.4027988944061156
1653340034.909617 -131.55293715509268 -17.378253986184536 -0.40209886914472903
1653340035.009617 -131.45264360439415 -17.365818062523182 -0.40104144135188297
1653340035.109617 -131.35225410765514 -17.353341079420943 -0.3998888501848306
1653340035.209617 -131.25186461091613 -17.340864096318704 -0.3987362590177783
1653340035.309617 -131.15147511417712 -17.32838711321646 -0.39758366785072596
1653340035.409617 -131.0519303428694 -17.316760565719225 -0.39742670342150377
1653340035.509617 -130.9525937847466 -17.305343638886065 -0.3975151472709681
1653340035.609617 -130.85325722662378 -17.293926712052905 -0.39760359112043236
1653340035.709617 -130.75392066850097 -17.282509785219744 -0.3976920349698967
1653340035.809617 -130.65376864223413 -17.270542393988954 -0.3977125922715747
1653340035.909617 -130.55341538043697 -17.258439163000627 -0.39771639700536404
1653340036.009617 -130.45306211863985 -17.246335932012297 -0.3977202017391534
1653340036.109617 -130.3527088568427 -17.234232701023966 -0.3977240064729428
1653340036.209617 -130.25235332138112 -17.220827090822237 -0.3975268116920906
1653340036.309617 -130.15199722497198 -17.207100163872305 -0.397280027275769
1653340036.409617 -130.05164112856284 -17.193373236922373 -0.3970332428594474
1653340036.509617 -129.95128503215366 -17.179646309972437 -0.3967864584431258
1653340036.609617 -129.85268223624496 -17.16605792781068 -0.39678713458600623
1653340036.709617 -129.75451148915957 -17.152503685896242 -0.39684879003243484
1653340036.809617 -129.65634074207418 -17.1389494439818 -0.3969104454788635
1653340036.909617 -129.5581699949888 -17.125395202067363 -0.3969721009252921
1653340037.009617 -129.4597207954963 -17.111429780286226 -0.3973572490385365
1653340037.109617 -129.36120297514188 -17.09736302874048 -0.3978221175817786
1653340037.209617 -129.26268515478745 -17.08329627719474 -0.3982869861250208
1653340037.309617 -129.16416733443305 -17.069229525648996 -0.3987518546682629
1653340037.409617 -129.06480659432762 -17.05532978333425 -0.398994476330199
1653340037.509617 -128.96523837642414 -17.041471148974882 -0.399182393741214
1653340037.609617 -128.86567015852066 -17.027612514615512 -0.39937031115222904
1653340037.709617 -128.76610194061715 -17.013753880256143 -0.399558228563244
1653340037.809617 -128.66618031073352 -16.999412789487707 -0.39992989752895636
1653340037.909617 -128.56616542578914 -16.984944392616814 -0.40035005314301375
1653340038.009617 -128.46615054084472 -16.970475995745925 -0.40077020875707114
1653340038.109617 -128.3661356559003 -16.956007598875033 -0.40119036437112854
1653340038.209617 -128.26798494908343 -16.94169300930081 -0.4020875358743874
1653340038.309617 -128.170323020295 -16.92741874721789 -0.4031097785188792
1653340038.409617 -128.07266109150657 -16.913144485134968 -0.40413202116337105
1653340038.509617 -127.97499916271816 -16.89887022305205 -0.4051542638078629
1653340038.609617 -127.87654924441438 -16.885052959817177 -0.40592805081178496
1653340038.709617 -127.77789266718368 -16.87135554956219 -0.4066366775882398
1653340038.809617 -127.67923608995298 -16.8576581393072 -0.4073453043646946
1653340038.909617 -127.5805795127223 -16.84396072905221 -0.40805393114114946
1653340039.009617 -127.48043376464501 -16.829942941467873 -0.40802812625191176
1653340039.109617 -127.37989750810794 -16.815841140650456 -0.4078097297743828
1653340039.209617 -127.27936125157089 -16.80173933983304 -0.4075913332968538
1653340039.309617 -127.17882499503384 -16.787637539015623 -0.40737293681932485
1653340039.409617 -127.07905914136204 -16.77356520748762 -0.40752215120488955
1653340039.509617 -126.97949604834189 -16.7595006319177 -0.4077681162926065
1653340039.609617 -126.87993295532173 -16.745436056347778 -0.4080140813803234
1653340039.709617 -126.78036986230158 -16.731371480777852 -0.4082600464680403
1653340039.809617 -126.68168557231269 -16.716907351291702 -0.4084867140900505
1653340039.909617 -126.58323195242035 -16.70233834604027 -0.40870831647204736
1653340040.009617 -126.48477833252801 -16.687769340788844 -0.4089299188540442
1653340040.109617 -126.38632471263566 -16.673200335537413 -0.40915152123604115
1653340040.209617 -126.28829507822185 -16.658162486109564 -0.40953322769215755
1653340040.309617 -126.19037694421358 -16.643001339261286 -0.40995703858367427
1653340040.409617 -126.09245881020531 -16.62784019241301 -0.41038084947519105
1653340040.509617 -125.99454067619705 -16.612679045564732 -0.41080466036670776
1653340040.609617 -125.89472103084864 -16.597801273119924 -0.410781634040815
1653340040.709617 -125.79440168875108 -16.582997968423594 -0.4106411836952828
1653340040.809617 -125.69408234665352 -16.568194663727265 -0.4105007333497505
1653340040.909617 -125.59376300455594 -16.553391359030936 -0.4103602830042183
1653340041.009617 -125.49478610364828 -16.538480657287206 -0.41064440311348693
1653340041.109617 -125.3961618971418 -16.523541739531034 -0.41104006898240175
1653340041.209617 -125.29753769063531 -16.508602821774858 -0.41143573485131657
1653340041.309617 -125.19891348412882 -16.493663904018685 -0.4118314007202314
1653340041.409617 -125.10051499571226 -16.4783037740264 -0.4126904593242002
1653340041.509617 -125.00217582684554 -16.4628329478988 -0.41367129925479434
1653340041.609617 -124.90383665797881 -16.447362121771196 -0.4146521391853885
1653340041.709617 -124.80549748911208 -16.431891295643595 -0.4156329791159827
1653340041.809617 -124.70694726981358 -16.416475824314578 -0.41654318227434056
1653340041.909617 -124.60834153238926 -16.401074914408856 -0.41743480399139715
1653340042.009617 -124.50973579496493 -16.385674004503134 -0.41832642570845374
1653340042.109617 -124.4111300575406 -16.370273094597408 -0.4192180474255104
1653340042.209617 -124.31188106416195 -16.354608570977856 -0.41948419116863417
1653340042.309617 -124.2124633219299 -16.338874892130672 -0.41958624985321974
1653340042.409617 -124.11304557969787 -16.32314121328349 -0.41968830853780525
1653340042.509617 -124.01362783746582 -16.307407534436305 -0.41979036722239077
1653340042.609617 -123.91494096378072 -16.292491643433706 -0.4202682761751423
1653340042.709617 -123.81644595447406 -16.277790434479137 -0.4208448516779732
1653340042.809617 -123.7179509451674 -16.263089225524567 -0.4214214271808041
1653340042.909617 -123.61945593586074 -16.248388016569997 -0.4219980026836351
1653340043.009617 -123.52021922613505 -16.233743555076646 -0.4224732266626476
1653340043.109617 -123.42078773407734 -16.219113996369583 -0.42292183411879203
1653340043.209617 -123.32135624201962 -16.20448443766252 -0.42337044157493653
1653340043.309617 -123.2219247499619 -16.189854878955455 -0.42381904903108103
1653340043.409617 -123.12219577355567 -16.174581040259177 -0.42375535985892665
1653340043.509617 -123.02238872796984 -16.159138122381247 -0.42355722805914864
1653340043.609617 -122.922581682384 -16.143695204503317 -0.42335909625937057
1653340043.709617 -122.82277463679816 -16.128252286625386 -0.42316096445959256
1653340043.809617 -122.72363514572224 -16.112638776851462 -0.42306294642661746
1653340043.909617 -122.62467070331624 -16.09698053382496 -0.42299118060445184
1653340044.009617 -122.52570626091025 -16.081322290798465 -0.42291941478228623
1653340044.109617 -122.42674181850425 -16.065664047771968 -0.42284764896012067
1653340044.209617 -122.32834799881692 -16.050086135690602 -0.4229674452714674
1653340044.309617 -122.23010398212011 -16.034529312527393 -0.4231375315196379
1653340044.409617 -122.13185996542329 -16.018972489364184 -0.4233076177678084
1653340044.509617 -122.03361594872648 -16.003415666200976 -0.4234777040159789
1653340044.609617 -121.93540977311443 -15.988061389808468 -0.423666200766583
1653340044.709617 -121.83721353367758 -15.972760297414665 -0.42385953168034934
1653340044.809617 -121.73901729424074 -15.957459205020859 -0.4240528625941157
1653340044.909617 -121.6408210548039 -15.942158112627054 -0.42424619350788206
1653340045.009617 -121.54165337737037 -15.926897726086128 -0.42447374164749196
1653340045.109617 -121.44222801703629 -15.911648137148628 -0.42471036622227765
1653340045.209617 -121.3428026567022 -15.896398548211128 -0.4249469907970633
1653340045.309617 -121.24337729636812 -15.881148959273627 -0.42518361537184896
1653340045.409617 -121.14520017115629 -15.865202731215888 -0.4256559499812006
1653340045.509617 -121.04734290969489 -15.849077987430029 -0.4261886859479013
1653340045.609617 -120.94948564823349 -15.832953243644171 -0.42672142191460205
1653340045.709617 -120.8516283867721 -15.816828499858314 -0.42725415788130283
1653340045.809617 -120.75342236110109 -15.800368460727935 -0.4274854811352676
1653340045.909617 -120.65512707461399 -15.783822607929595 -0.4276396624578813
1653340046.009617 -120.5568317881269 -15.767276755131256 -0.42779384378049506
1653340046.109617 -120.4585365016398 -15.750730902332915 -0.42794802510310875
1653340046.209617 -120.35868145474038 -15.734261005637151 -0.4277200209237663
1653340046.309617 -120.2584264577725 -15.7178105854252 -0.42739401764375834
1653340046.409617 -120.15817146080464 -15.701360165213247 -0.4270680143637503
1653340046.509617 -120.05791646383678 -15.684909745001296 -0.42674201108374227
1653340046.609617 -119.95886132916517 -15.669965713824512 -0.4268742771160685
1653340046.709617 -119.86011408797324 -15.65540823314041 -0.4271241384204843
1653340046.809617 -119.76136684678131 -15.64085075245631 -0.4273739997249001
1653340046.909617 -119.66261960558938 -15.626293271772207 -0.4276238610293159
1653340047.009617 -119.56376427141 -15.612000007021601 -0.4281519710098541
1653340047.109617 -119.46488123012735 -15.597774467831425 -0.42875140351541835
1653340047.209617 -119.3659981888447 -15.583548928641248 -0.4293508360209826
1653340047.309617 -119.26711514756205 -15.56932338945107 -0.4299502685265469
1653340047.409617 -119.16838193305448 -15.554518254591084 -0.4300953145172737
1653340047.509617 -119.06968781429732 -15.539561880223788 -0.430121793037241
1653340047.609617 -118.97099369554016 -15.52460550585649 -0.4301482715572084
1653340047.709617 -118.872299576783 -15.509649131489194 -0.43017475007717576
1653340047.809617 -118.77400335216727 -15.494605276192384 -0.4299621301813923
1653340047.909617 -118.67581155102388 -15.479538462371 -0.42968676121692984
1653340048.009617 -118.57761974988051 -15.464471648549615 -0.4294113922524674
1653340048.109617 -118.47942794873713 -15.449404834728231 -0.42913602328800493
1653340048.209617 -118.38081526095763 -15.435164216275929 -0.4288705920433822
1653340048.309617 -118.28209214529285 -15.42114036642499 -0.4286077681549743
1653340048.409617 -118.18336902962807 -15.40711651657405 -0.4283449442665665
1653340048.509617 -118.08464591396329 -15.393092666723108 -0.4280821203781586
1653340048.609617 -117.98404846059255 -15.37921639778517 -0.4275630253534374
1653340048.709617 -117.88295959103291 -15.365378821794392 -0.42697674084374204
1653340048.809617 -117.7818707214733 -15.351541245803615 -0.4263904563340467
1653340048.909617 -117.68078185191366 -15.337703669812838 -0.4258041718243514
1653340049.009617 -117.58281006060832 -15.324665500099032 -0.4261360403073012
1653340049.109617 -117.48565582133926 -15.31183699988218 -0.4267087233568087
1653340049.209617 -117.38850158207013 -15.299008499665321 -0.42728140640631657
1653340049.309617 -117.29134734280102 -15.286179999448464 -0.42785408945582437
1653340049.409617 -117.19288609771343 -15.273049553276898 -0.4284800018115767
1653340049.509617 -117.09405502334528 -15.259833668728847 -0.4291209758876006
1653340049.609617 -116.99522394897708 -15.246617784180788 -0.4297619499636249
1653340049.709617 -116.89639287460889 -15.23340189963273 -0.4304029240396492
1653340049.809617 -116.79703507113935 -15.219602898191958 -0.43094447047832807
1653340049.909617 -116.69752821574568 -15.205638888410828 -0.4314578812385028
1653340050.009617 -116.59802136035196 -15.191674878629692 -0.4319712919986779
1653340050.109617 -116.49851450495824 -15.177710868848555 -0.4324847027588529
1653340050.209617 -116.3988007074118 -15.163691539462363 -0.4329914331930857
1653340050.309617 -116.29903202033933 -15.149657537053487 -0.4334963917315507
1653340050.409617 -116.1992633332668 -15.135623534644603 -0.43400135027001596
1653340050.509617 -116.09949464619427 -15.121589532235719 -0.4345063088084813
1653340050.609617 -116.00055259581511 -15.108672656951807 -0.43497786784720993
1653340050.709617 -115.90181590462005 -15.096033306627504 -0.4354411295358805
1653340050.809617 -115.80307921342492 -15.083393956303194 -0.4359043912245513
1653340050.909617 -115.70434252222981 -15.070754605978884 -0.43636765291322216
1653340051.009617 -115.60361870548765 -15.057848297275013 -0.43638566528613204
1653340051.109617 -115.5023623278817 -15.044870442218464 -0.436284348329026
1653340051.209617 -115.4011059502757 -15.031892587161906 -0.43618303137191994
1653340051.309617 -115.29984957266971 -15.01891473210535 -0.4360817144148139
1653340051.409617 -115.20086751462793 -15.00576394319855 -0.43629115471622104
1653340051.509617 -115.10244963016132 -14.992570255874968 -0.4365776822644297
1653340051.609617 -115.00403174569466 -14.979376568551377 -0.4368642098126385
1653340051.709617 -114.90561386122799 -14.966182881227786 -0.43715073736084736
1653340051.809617 -114.80679393233342 -14.95312025926296 -0.43774747489421945
1653340051.909617 -114.70786699841663 -14.940092520636012 -0.43842677550778447
1653340052.009617 -114.6089400644998 -14.927064782009056 -0.4391060761213499
1653340052.109617 -114.51001313058298 -14.9140370433821 -0.4397853767349153
1653340052.209617 -114.41108619666619 -14.901009304755153 -0.4404646773484804
1653340052.309617 -114.31215926274942 -14.887981566128204 -0.4411439779620454
1653340052.409617 -114.21323232883258 -14.87495382750125 -0.4418232785756108
1653340052.509617 -114.11430539491575 -14.861926088874293 -0.44250257918917624
1653340052.609617 -114.0142173630228 -14.849711059088651 -0.44297417041183723
1653340052.709617 -113.91381658370365 -14.837714936409533 -0.4433898140928328
1653340052.809617 -113.81341580438443 -14.82571881373041 -0.4438054577738285
1653340052.909617 -113.71301502506523 -14.813722691051286 -0.4442211014548243
1653340053.009617 -113.6138237491092 -14.801691795222867 -0.44460986868517866
1653340053.109617 -113.51493851979912 -14.789652100571695 -0.4449918352336788
1653340053.209617 -113.41605329048899 -14.777612405920515 -0.44537380178217917
1653340053.309617 -113.31716806117886 -14.765572711269336 -0.44575576833067954
1653340053.409617 -113.21843652187253 -14.752836047271163 -0.44628371750556134
1653340053.509617 -113.11974380157761 -14.739923342799523 -0.4468485389629571
1653340053.609617 -113.02105108128265 -14.727010638327876 -0.44741336042035323
1653340053.709617 -112.92235836098767 -14.71409793385623 -0.44797818187774935
1653340053.809617 -112.8233982630686 -14.700839736591712 -0.44871490469901243
1653340053.909617 -112.72436542391209 -14.687487546520718 -0.4494983940287533
1653340054.009617 -112.62533258475551 -14.674135356449717 -0.4502818833584946
1653340054.109617 -112.52629974559893 -14.660783166378716 -0.45106537268823593
1653340054.209617 -112.42572023983855 -14.64832560128271 -0.4513240887307947
1653340054.309617 -112.32474922163753 -14.63609449533862 -0.4514499673086224
1653340054.409617 -112.22377820343647 -14.623863389394524 -0.45157584588645017
1653340054.509617 -112.12280718523539 -14.611632283450426 -0.4517017244642779
1653340054.609617 -112.02285371004764 -14.599160326053653 -0.45188814096537605
1653340054.709617 -111.92315757780607 -14.586627455829007 -0.45208986788316
1653340054.809617 -111.82346144556442 -14.574094585604353 -0.4522915948009441
1653340054.909617 -111.72376531332279 -14.5615617153797 -0.45249332171872825
1653340055.009617 -111.62528233297621 -14.548160873087323 -0.4531153150470273
1653340055.109617 -111.52710592749 -14.534540686113917 -0.4538435136383624
1653340055.209617 -111.42892952200373 -14.520920499140503 -0.45457171222969794
1653340055.309617 -111.33075311651746 -14.50730031216709 -0.4552999108210335
1653340055.409617 -111.23262228330387 -14.493235373300289 -0.4560125478575917
1653340055.509617 -111.13450309812097 -14.479056758213428 -0.45672120744345984
1653340055.609617 -111.036383912938 -14.46487814312656 -0.4574298670293284
1653340055.709617 -110.93826472775504 -14.45069952803969 -0.45813852661519694
1653340055.809617 -110.84000074674317 -14.43689002725816 -0.4586901251792288
1653340055.909617 -110.74169852747087 -14.42317800365565 -0.45920024644172613
1653340056.009617 -110.64339630819852 -14.409465980053133 -0.4597103677042238
1653340056.109617 -110.54509408892616 -14.395753956450616 -0.4602204889667214
1653340056.209617 -110.44489545263289 -14.38228522651013 -0.4602002390398781
1653340056.309617 -110.34419654181234 -14.3688806774014 -0.4600400772723879
1653340056.409617 -110.24349763099171 -14.355476128292663 -0.45987991550489754
1653340056.509617 -110.1427987201711 -14.342071579183925 -0.45971975373740726
1653340056.609617 -110.04473799554579 -14.328880044854975 -0.46004212892811425
1653340056.709617 -109.94737006650162 -14.315744448843956 -0.4604912197664798
1653340056.809617 -109.85000213745738 -14.302608852832929 -0.4609403106048456
1653340056.909617 -109.75263420841316 -14.289473256821902 -0.4613894014432114
1653340057.009617 -109.65482141617322 -14.276653607669125 -0.4617196525364761
1653340057.109617 -109.55689161987428 -14.26391705611848 -0.46201864743080095
1653340057.209617 -109.45896182357528 -14.251180504567825 -0.462317642325126
1653340057.309617 -109.36103202727628 -14.238443953017173 -0.462616637219451
1653340057.409617 -109.25991588169609 -14.224502039658486 -0.46182862588071755
1653340057.509617 -109.15796322378058 -14.210243682642213 -0.46075524277567104
1653340057.609617 -109.05601056586504 -14.195985325625934 -0.45968185967062386
1653340057.709617 -108.95405790794949 -14.181726968609652 -0.4586084765655767
1653340057.809617 -108.85329498552466 -14.167374563626046 -0.4578409305735131
1653340057.909617 -108.7528444921005 -14.152997461293593 -0.4571536985540352
1653340058.009617 -108.65239399867627 -14.138620358961129 -0.4564664665345569
1653340058.109617 -108.55194350525205 -14.124243256628667 -0.4557792345150786
1653340058.209617 -108.45220053284574 -14.110877399284586 -0.4562745889798476
1653340058.309617 -108.35264490003276 -14.0977793025018 -0.45708307233469125
1653340058.409617 -108.25308926721972 -14.084681205719008 -0.4578915556895354
1653340058.509617 -108.15353363440667 -14.071583108936217 -0.45870003904437945
1653340058.609617 -108.05350849451108 -14.05833904837892 -0.45930644685901384
1653340058.709617 -107.95335901308883 -14.045056331624025 -0.4598593381621796
1653340058.809617 -107.85320953166651 -14.03177361486912 -0.46041222946534566
1653340058.909617 -107.7530600502442 -14.018490898114218 -0.46096512076851176
1653340059.009617 -107.65482234940397 -14.004474371529696 -0.4617461281317771
1653340059.109617 -107.55709059908234 -13.990263643022978 -0.4625875061463564
1653340059.209617 -107.45935884876066 -13.976052914516252 -0.46342888416093614
1653340059.309617 -107.36162709843897 -13.961842186009527 -0.4642702621755159
1653340059.409617 -107.26326601213911 -13.947423695760682 -0.46507253630084794
1653340059.509617 -107.16473842703114 -13.93295023951016 -0.46586446499674783
1653340059.609617 -107.06621084192311 -13.918476783259628 -0.46665639369264816
1653340059.709617 -106.96768325681508 -13.904003327009097 -0.46744832238854844
1653340059.809617 -106.86900541213492 -13.889740739313485 -0.4683076238739177
1653340059.909617 -106.77028795383177 -13.875533743866129 -0.4691846871580509
1653340060.009617 -106.67157049552854 -13.861326748418763 -0.47006175044218457
1653340060.109617 -106.57285303722533 -13.8471197529714 -0.47093881372631824
1653340060.209617 -106.47438294541745 -13.832914085882415 -0.471570672423786
1653340060.309617 -106.37597798268094 -13.818708768536618 -0.472137971258327
1653340060.409617 -106.27757301994438 -13.804503451190815 -0.47270527009286833
1653340060.509617 -106.17916805720782 -13.790298133845011 -0.4732725689274097
1653340060.609617 -106.0797970298879 -13.775997885163834 -0.47333314805037485
1653340060.709617 -105.98017174172473 -13.76167265127794 -0.4732603624031482
1653340060.809617 -105.88054645356151 -13.747347417392039 -0.47318757675592155
1653340060.909617 -105.78092116539828 -13.733022183506137 -0.4731147911086949
1653340061.009617 -105.68261604137199 -13.719056780551037 -0.473308410309938
1653340061.109617 -105.58468475280996 -13.705193272170495 -0.47357746829748815
1653340061.209617 -105.4867534642479 -13.691329763789945 -0.4738465262850384
1653340061.309617 -105.38882217568582 -13.677466255409394 -0.47411558427258876
1653340061.409617 -105.28917708671898 -13.663457401820496 -0.4741052836656004
1653340061.509617 -105.18907862934091 -13.649410098639683 -0.4740210815927158
1653340061.609617 -105.08898017196279 -13.63536279545886 -0.47393687951983104
1653340061.709617 -104.98888171458466 -13.621315492278038 -0.4738526774469463
1653340061.809617 -104.88876578356141 -13.606787549216977 -0.4739495788549718
1653340061.909617 -104.78864522810488 -13.592132403901644 -0.4740944096420915
1653340062.009617 -104.68852467264828 -13.577477258586303 -0.47423924042921123
1653340062.109617 -104.5884041171917 -13.562822113270961 -0.47438407121633097
1653340062.209617 -104.48813749574954 -13.548255374893246 -0.47478301873549206
1653340062.309617 -104.38783226143516 -13.533712007088575 -0.4752491425850131
1653340062.409617 -104.28752702712073 -13.519168639283896 -0.47571526643453443
1653340062.509617 -104.1872217928063 -13.504625271479215 -0.47618139028405576
1653340062.609617 -104.08925707905749 -13.490196245521098 -0.4770501868905178
1653340062.709617 -103.99195767301026 -13.47579972195251 -0.47803344576249124
1653340062.809617 -103.89465826696299 -13.461403198383914 -0.4790167046344652
1653340062.909617 -103.79735886091571 -13.447006674815318 -0.4799999635064392
1653340063.009617 -103.69891297672612 -13.43256745533781 -0.4805732948793287
1653340063.109617 -103.60014079124899 -13.418116084097841 -0.4810299560203064
1653340063.209617 -103.50136860577182 -13.403664712857864 -0.4814866171612844
1653340063.309617 -103.40259642029463 -13.389213341617886 -0.48194327830226236
1653340063.409617 -103.30386266778473 -13.37519676407387 -0.48223599759721186
1653340063.509617 -103.20513984217332 -13.361303802969669 -0.48248210649386974
1653340063.609617 -103.10641701656186 -13.347410841865461 -0.48272821539052774
1653340063.709617 -103.0076941909504 -13.333517880761253 -0.48297432428718573
1653340063.809617 -102.90899380278827 -13.319814745647609 -0.48293732775450665
1653340063.909617 -102.81029933384406 -13.306161688481408 -0.48282564524879906
1653340064.009617 -102.7116048648998 -13.2925086313152 -0.4827139627430914
1653340064.109617 -102.61291039595552 -13.278855574148992 -0.4826022802373838
1653340064.209617 -102.51294414294814 -13.264948220472728 -0.4825470474117568
1653340064.309617 -102.41264461816853 -13.250974228244342 -0.48250660725846095
1653340064.409617 -102.31234509338886 -13.237000236015948 -0.4824661671051651
1653340064.509617 -102.21204556860918 -13.223026243787555 -0.48242572695186925
1653340064.609617 -102.11125136350215 -13.20859695487336 -0.4820653291670592
1653340064.709617 -102.0103272952235 -13.194048141756646 -0.4816209363040073
1653340064.809617 -101.90940322694482 -13.179499328639922 -0.48117654344095523
1653340064.909617 -101.80847915866612 -13.164950515523199 -0.48073215057790314
1653340065.009617 -101.71050893539791 -13.150378571403609 -0.4813930900411169
1653340065.109617 -101.6133155394187 -13.135800544096108 -0.4823447192024766
1653340065.209617 -101.51612214343945 -13.121222516788599 -0.48329634836383684
1653340065.309617 -101.41892874746019 -13.10664448948109 -0.4842479775251971
1653340065.409617 -101.320621126475 -13.09200242669079 -0.4850516543869103
1653340065.509617 -101.22202081858038 -13.077343542928556 -0.4858164668351556
1653340065.609617 -101.1234205106857 -13.062684659166312 -0.4865812792834014
1653340065.709617 -101.02482020279102 -13.048025775404069 -0.48734609173164717
1653340065.809617 -100.92526425943088 -13.03335006279388 -0.4876645073392589
1653340065.909617 -100.82545918321394 -13.018669962926083 -0.4878665479020009
1653340066.009617 -100.72565410699693 -13.003989863058276 -0.488068588464743
1653340066.109617 -100.62584903077992 -12.989309763190471 -0.4882706290274851
1653340066.209617 -100.52714934581043 -12.973724601813469 -0.48848135778914664
1653340066.309617 -100.42873862861558 -12.957902842208618 -0.48869435779143294
1653340066.409617 -100.33032791142067 -12.942081082603757 -0.4889073577937194
1653340066.509617 -100.23191719422576 -12.926259322998895 -0.4891203577960058
1653340066.609617 -100.13351745862371 -12.910071392977729 -0.4891780516711894
1653340066.709617 -100.03512059093656 -12.893787835154749 -0.4891951863343739
1653340066.809617 -99.93672372324933 -12.87750427733176 -0.48921232099755846
1653340066.909617 -99.8383268555621 -12.861220719508768 -0.48922945566074305
1653340067.009617 -99.7395860808468 -12.845041224620106 -0.48912810136715246
1653340067.109617 -99.6407551056719 -12.828889023516492 -0.4889956696093506
1653340067.209617 -99.54192413049694 -12.81273682241287 -0.48886323785154867
1653340067.309617 -99.44309315532198 -12.796584621309247 -0.48873080609374675
1653340067.409617 -99.3445528515951 -12.78148556675442 -0.4887407264087621
1653340067.509617 -99.2460888987255 -12.766663142884893 -0.4887880384348388
1653340067.609617 -99.14762494585587 -12.751840719015357 -0.4888353504609156
1653340067.709617 -99.04916099298623 -12.737018295145822 -0.48888266248699236
1653340067.809617 -98.95124610451703 -12.724185463336367 -0.48874675688251745
1653340067.909617 -98.85347538781018 -12.71187505292867 -0.488562742515799
1653340068.009617 -98.75570467110327 -12.699564642520969 -0.48837872814908045
1653340068.109617 -98.65793395439638 -12.687254232113265 -0.4881947137823619
1653340068.209617 -98.55971370974251 -12.676550811802501 -0.4887279851954632
1653340068.309617 -98.46137454225806 -12.666272521480385 -0.4894510149001776
1653340068.409617 -98.36303537477356 -12.655994231158266 -0.49017404460489256
1653340068.509617 -98.26469620728906 -12.645715940836144 -0.49089707430960744
1653340068.609617 -98.16630147075331 -12.63603076346884 -0.49175846920028143
1653340068.709617 -98.06789203183101 -12.626502511147354 -0.4926564725699481
1653340068.809617 -97.96948259290865 -12.616974258825863 -0.49355447593961527
1653340068.909617 -97.87107315398629 -12.607446006504372 -0.4944524793092825
1653340069.009617 -97.77176246104192 -12.59957880973161 -0.4953803267694347
1653340069.109617 -97.67221374004994 -12.59215031037326 -0.49631605628105807
1653340069.209617 -97.57266501905791 -12.584721811014903 -0.4972517857926819
1653340069.309617 -97.47311629806588 -12.577293311656549 -0.49818751530430583
1653340069.409617 -97.37166600710187 -12.570609586306363 -0.4987325369057784
1653340069.509617 -97.26971415322423 -12.564122304435525 -0.49917450439897526
1653340069.609617 -97.16776229934655 -12.557635022564684 -0.49961647189217234
1653340069.709617 -97.06581044546886 -12.55114774069384 -0.5000584393853694
1653340069.809617 -96.96705057360543 -12.544459842431909 -0.5008046067877148
1653340069.909617 -96.86912828529032 -12.537719301959605 -0.501630596957908
1653340070.009617 -96.77120599697514 -12.530978761487297 -0.5024565871281017
1653340070.109617 -96.67328370865997 -12.52423822101499 -0.5032825772982954
1653340070.209617 -96.5742009433779 -12.51657832526978 -0.5036852001582421
1653340070.309617 -96.47481286152193 -12.508676551046893 -0.5039764368723546
1653340070.409617 -96.37542477966589 -12.500774776824 -0.5042676735864672
1653340070.509617 -96.27603669780986 -12.492873002601108 -0.5045589103005798
1653340070.609617 -96.17634991468954 -12.484284942022342 -0.5047310290017062
1653340070.709617 -96.0765848540024 -12.47551703343992 -0.504871931670849
1653340070.809617 -95.9768197933152 -12.466749124857493 -0.5050128343399919
1653340070.909617 -95.87705473262801 -12.457981216275066 -0.5051537370091348
1653340071.009617 -95.77681482037966 -12.450688838482069 -0.5054967360607079
1653340071.109617 -95.67645103903668 -12.443781365526451 -0.5058924536836397
1653340071.209617 -95.57608725769366 -12.436873892570828 -0.5062881713065717
1653340071.309617 -95.47572347635064 -12.429966419615207 -0.5066838889295037
1653340071.409617 -95.37605103199348 -12.42356581200591 -0.5070879024733438
1653340071.509617 -95.2765590215781 -12.417297492577712 -0.5074940811924034
1653340071.609617 -95.17706701116263 -12.41102917314951 -0.5079002599114631
1653340071.709617 -95.07757500074719 -12.404760853721307 -0.508306438630523
1653340071.809617 -94.97915437826737 -12.399246887087923 -0.5083377840397472
1653340071.909617 -94.88101395484637 -12.39393020561718 -0.5082710996530965
1653340072.009617 -94.78287353142531 -12.38861352414643 -0.5082044152664457
1653340072.109617 -94.68473310800425 -12.383296842675684 -0.5081377308797949
1653340072.209617 -94.58883480814764 -12.379153173719335 -0.5080479785040038
1653340072.309617 -94.49352307929294 -12.375316381304833 -0.507952191218399
1653340072.409617 -94.39821135043819 -12.371479588890331 -0.5078564039327941
1653340072.509617 -94.30289962158344 -12.36764279647583 -0.5077606166471892
1653340072.609617 -94.20693443608656 -12.358529718833879 -0.5079761416460992
1653340072.709617 -94.1107986010648 -12.348038744772944 -0.5082729655254764
1653340072.809617 -94.014662766043 -12.337547770712005 -0.5085697894048539
1653340072.909617 -93.91852693102119 -12.327056796651066 -0.5088666132842313
1653340073.009617 -93.82851222326019 -12.309171343115757 -0.5091203257463399
1653340073.109617 -93.74009577229492 -12.289355154183609 -0.5093627816028122
1653340073.209617 -93.6516793213296 -12.26953896525145 -0.5096052374592845
1653340073.309617 -93.56326287036428 -12.24972277631929 -0.509847693315757
1653340073.409617 -93.47671043852715 -12.228205784025338 -0.5104378313717217
1653340073.509617 -93.39064413475998 -12.206245229622388 -0.5111186434310018
1653340073.609617 -93.30457783099277 -12.184284675219427 -0.5117994554902823
1653340073.709617 -93.21851152722554 -12.162324120816466 -0.5124802675495627
1653340073.809617 -93.12404103952284 -12.147950588805966 -0.5128659117728177
1653340073.909617 -93.02737500473553 -12.135559124896565 -0.5131744450133982
1653340074.009617 -92.93070896994817 -12.123167660987159 -0.5134829782539787
1653340074.109617 -92.83404293516082 -12.110776197077751 -0.5137915114945594
1653340074.209617 -92.73511773168467 -12.10005255485388 -0.5138837564983764
1653340074.309617 -92.63560397345891 -12.089763410673184 -0.5139196544619484
1653340074.409617 -92.5360902152331 -12.079474266492484 -0.5139555524255206
1653340074.509617 -92.43657645700729 -12.069185122311783 -0.5139914503890928
1653340074.609617 -92.33782398069046 -12.059633228446101 -0.5147291911244505
1653340074.709617 -92.23927023153125 -12.050273788463606 -0.5156501428589306
1653340074.809617 -92.140716482372 -12.040914348481106 -0.5165710945934113
1653340074.909617 -92.04216273321273 -12.031554908498606 -0.517492046327892
1653340075.009617 -91.94137917221151 -12.021466349779782 -0.5179371811306879
1653340075.109617 -91.84001125550988 -12.011186714539688 -0.5182576209564693
1653340075.209617 -91.73864333880817 -12.000907079299589 -0.518578060782251
1653340075.309617 -91.63727542210648 -11.99062744405949 -0.5188985006080326
1653340075.409617 -91.53553435056834 -11.978566693527473 -0.5187987028455123
1653340075.509617 -91.43369523383748 -11.966037960873903 -0.5185884890537651
1653340075.609617 -91.33185611710655 -11.953509228220325 -0.5183782752620176
1653340075.709617 -91.23001700037564 -11.940980495566748 -0.5181680614702703
1653340075.809617 -91.13134558415553 -11.926511022765306 -0.5188470322483537
1653340075.909617 -91.03350629490068 -11.911531734656478 -0.5197595839647652
1653340076.009617 -90.93566700564578 -11.89655244654764 -0.5206721356811771
1653340076.109617 -90.83782771639088 -11.881573158438803 -0.5215846873975891
1653340076.209617 -90.74202016430422 -11.864621365182197 -0.5221192219518561
1653340076.309617 -90.64674941228957 -11.84714842139395 -0.5225538815601727
1653340076.409617 -90.55147866027487 -11.829675477605694 -0.5229885411684894
1653340076.509617 -90.45620790826015 -11.812202533817436 -0.5234232007768062
1653340076.609617 -90.3612292621012 -11.795033650659185 -0.5237180817289421
1653340076.709617 -90.26632769389158 -11.777944999955633 -0.5239760792979855
1653340076.809617 -90.1714261256819 -11.760856349252068 -0.524234076867029
1653340076.909617 -90.07652455747224 -11.743767698548504 -0.5244920744360726
1653340077.009617 -89.97781387099145 -11.728529787235521 -0.5240427946129274
1653340077.109617 -89.87810229921655 -11.713778176873953 -0.5234076703264894
1653340077.209617 -89.77839072744158 -11.699026566512376 -0.5227725460400511
1653340077.309617 -89.6786791556666 -11.6842749561508 -0.5221374217536128
1653340077.409617 -89.57898992559996 -11.671889772775968 -0.5220640799648558
1653340077.509617 -89.47930656421411 -11.660126198299336 -0.522138306219131
1653340077.609617 -89.37962320282821 -11.648362623822697 -0.5222125324734063
1653340077.709617 -89.27993984144231 -11.636599049346058 -0.5222867587276815
1653340077.809617 -89.18081148012558 -11.625144258743914 -0.5225021828813036
1653340077.909617 -89.08182879641234 -11.613770518392641 -0.5227546689611147
1653340078.009617 -88.98284611269904 -11.602396778041363 -0.5230071550409258
1653340078.109617 -88.88386342898573 -11.591023037690084 -0.523259641120737
1653340078.209617 -88.78557099962686 -11.579318114347162 -0.5235763815072829
1653340078.309617 -88.6874598924202 -11.567526192910794 -0.5239100007865333
1653340078.409617 -88.58934878521349 -11.55573427147442 -0.5242436200657837
1653340078.509617 -88.49123767800677 -11.543942350038046 -0.5245772393450342
1653340078.609617 -88.39225759814167 -11.53214038944963 -0.5248177491429513
1653340078.709617 -88.29304719896737 -11.520335768005843 -0.5250335804757734
1653340078.809617 -88.19383679979302 -11.508531146562051 -0.5252494118085956
1653340078.909617 -88.09462640061868 -11.496726525118259 -0.525465243141418
1653340079.009617 -87.99468963139945 -11.484908604296763 -0.5256429412335315
1653340079.109617 -87.89456026066615 -11.473087157062936 -0.5258105280608032
1653340079.209617 -87.79443088993278 -11.461265709829103 -0.525978114888075
1653340079.309617 -87.69430151919943 -11.44944426259527 -0.5261457017153467
1653340079.409617 -87.59500628206513 -11.437600160402127 -0.5262623996947321
1653340079.509617 -87.49593106129845 -11.425750082593252 -0.5263656749088931
1653340079.609617 -87.39685584053173 -11.41390000478437 -0.5264689501230542
1653340079.709617 -87.297780619765 -11.402049926975486 -0.5265722253372153
1653340079.809617 -87.19794656913021 -11.390186450618728 -0.5267477152517687
1653340079.909617 -87.0979111803076 -11.378319419263065 -0.5269423656890159
1653340080.009617 -86.99787579148496 -11.366452387907394 -0.5271370161262633
1653340080.109617 -86.8978404026623 -11.354585356551723 -0.5273316665635106
1653340080.209617 -86.79835398976867 -11.34276676278571 -0.5275627483829914
1653340080.309617 -86.6990129112875 -11.330960992257037 -0.5278034749487219
1653340080.409617 -86.59967183280627 -11.319155221728357 -0.5280442015144526
1653340080.509617 -86.50033075432505 -11.307349451199679 -0.5282849280801832
1653340080.609617 -86.40047426686633 -11.295737477349201 -0.5284907414153232
1653340080.709617 -86.3004811674483 -11.284176870364778 -0.5286873008083626
1653340080.809617 -86.20048806803021 -11.272616263380348 -0.528883860201402
1653340080.909617 -86.10049496861213 -11.26105565639592 -0.5290804195944415
1653340081.009617 -86.00065781838182 -11.250018445613959 -0.5298046040614373
1653340081.109617 -85.9008628509574 -11.239122808640294 -0.5306715062071625
1653340081.209617 -85.80106788353292 -11.228227171666623 -0.5315384083528883
1653340081.309617 -85.70127291610844 -11.21733153469295 -0.5324053104986143
1653340081.409617 -85.60177385490532 -11.206236548643608 -0.5330190846218479
1653340081.509617 -85.50235316746085 -11.195088762973231 -0.533565815225489
1653340081.609617 -85.40293248001633 -11.183940977302848 -0.5341125458291305
1653340081.709617 -85.30351179257183 -11.172793191632465 -0.534659276432772
1653340081.809617 -85.20525235431168 -11.160953953672376 -0.5352240168475066
1653340081.909617 -85.10730020742356 -11.148931742647015 -0.5357935230434668
1653340082.009617 -85.00934806053539 -11.136909531621649 -0.5363630292394274
1653340082.109617 -84.91139591364721 -11.124887320596281 -0.5369325354353879
1653340082.209617 -84.81134210947026 -11.112194948556017 -0.5369370775031295
1653340082.309617 -84.71073228682745 -11.099325277437853 -0.5367921515822041
1653340082.409617 -84.6101224641846 -11.08645560631968 -0.5366472256612785
1653340082.509617 -84.50951264154173 -11.073585935201507 -0.536502299740353
1653340082.609617 -84.41043927225533 -11.060738262135812 -0.5370089668970665
1653340082.709617 -84.31177185357039 -11.047896401236555 -0.537687793267507
1653340082.809617 -84.2131044348854 -11.03505454033729 -0.5383666196379479
1653340082.909617 -84.1144370162004 -11.022212679438027 -0.5390454460083888
1653340083.009617 -84.01572990003686 -11.009027560252605 -0.5399422284151923
1653340083.109617 -83.91701218866535 -10.995750825854987 -0.5408971830186361
1653340083.209617 -83.8182944772938 -10.98247409145736 -0.5418521376220804
1653340083.309617 -83.71957676592224 -10.969197357059736 -0.5428070922255246
1653340083.409617 -83.62056133346427 -10.9557986765655 -0.5435585213922515
1653340083.509617 -83.52146586865368 -10.942367214943406 -0.5442552395551103
1653340083.609617 -83.42237040384303 -10.928935753321303 -0.5449519577179696
1653340083.709617 -83.3232749390324 -10.9155042916992 -0.5456486758808288
1653340083.809617 -83.224128378661 -10.902843293040402 -0.5460600132137996
1653340083.909617 -83.12496799725801 -10.890390699824515 -0.5463941568060142
1653340084.009617 -83.02580761585494 -10.877938106608621 -0.546728300398229
1653340084.109617 -82.92664723445188 -10.865485513392727 -0.5470624439904437
1653340084.209617 -82.82545260622423 -10.853226376589026 -0.5468848379485239
1653340084.309617 -82.7237081855535 -10.841019524922112 -0.5465689221999441
1653340084.409617 -82.62196376488272 -10.828812673255191 -0.5462530064513641
1653340084.509617 -82.52021934421194 -10.81660582158827 -0.5459370907027842
1653340097.839 -69.37491553380056 -8.875156014641313 -0.6109547538432557
1653340097.939 -69.27676163859864 -8.858844284374563 -0.6104164414784023
1653340098.039 -69.17860774339671 -8.842532554107812 -0.609878129113549
1653340098.139 -69.08067928876585 -8.82629792320748 -0.6092381028052988
1653340098.239 -68.98542038008951 -8.810976261524464 -0.6073936347018817
1653340098.339 -68.89016147141318 -8.79565459984145 -0.6055491665984646
1653340098.439 -68.79490256273684 -8.780332938158436 -0.6037046984950474
1653340098.539 -68.6998220302194 -8.765058020823117 -0.6019171800678256
1653340098.639 -68.60684795405606 -8.750335110711408 -0.600802184291801
1653340098.739 -68.51387387789275 -8.735612200599698 -0.5996871885157763
1653340098.839 -68.42089980172942 -8.720889290487989 -0.5985721927397516
1653340098.939 -68.32777283169663 -8.706394437252165 -0.597578111566067
1653340099.039 -68.23284108072312 -8.69459159975527 -0.5980113235239809
1653340099.139 -68.1379093297496 -8.682788762258374 -0.5984445354818948
1653340099.239 -68.04297757877609 -8.670985924761478 -0.5988777474398086
1653340099.339 -67.94766630116945 -8.659354734278471 -0.5993405886159463
1653340099.439 -67.8478745328688 -8.649749917655086 -0.6001532166711527
1653340099.539 -67.74808276456817 -8.6401451010317 -0.6009658447263592
1653340099.639 -67.64829099626752 -8.630540284408315 -0.6017784727815656
1653340099.739 -67.54844210697921 -8.621118143807058 -0.6025663882558734
1653340099.839 -67.44792317558621 -8.613838834262415 -0.6030644195668324
1653340099.939 -67.34740424419321 -8.606559524717772 -0.6035624508777915
1653340100.039 -67.2468853128002 -8.599280215173131 -0.6040604821887505
1653340100.139 -67.14633453701484 -8.592058499239103 -0.6045349891363896
1653340100.239 -67.04541526913656 -8.585503236282815 -0.6047372804369054
1653340100.339 -66.94449600125827 -8.578947973326526 -0.6049395717374213
1653340100.439 -66.84357673337998 -8.572392710370238 -0.605141863037937
1653340100.539 -66.7427325538415 -8.565755895452881 -0.6053517772488817
1653340100.639 -66.64275935149679 -8.558173129428095 -0.6056501123937588
1653340100.739 -66.54278614915208 -8.550590363403309 -0.605948447538636
1653340100.839 -66.44281294680736 -8.543007597378523 -0.6062467826835131
1653340100.939 -66.34301509529556 -8.53539367585982 -0.6065964361445438
1653340101.039 -66.24525109622802 -8.52741838920585 -0.6075413185019056
1653340101.139 -66.1474870971605 -8.519443102551882 -0.6084862008592675
1653340101.239 -66.04972309809295 -8.511467815897914 -0.6094310832166293
1653340101.339 -65.95181815321975 -8.503487501096979 -0.6103693769433464
1653340101.439 -65.85226846709709 -8.495448511256491 -0.6112307858521938
1653340101.539 -65.75271878097442 -8.487409521416003 -0.6120921947610412
1653340101.639 -65.65316909485175 -8.479370531575515 -0.6129536036698885
1653340101.739 -65.55344743600166 -8.471264472819568 -0.6137800869109754
1653340101.839 -65.45172727300258 -8.462379002654497 -0.6142006971222363
1653340101.939 -65.3500071100035 -8.453493532489425 -0.6146213073334972
1653340102.039 -65.24828694700443 -8.444608062324354 -0.615041917544758
1653340102.139 -65.1467084660965 -8.43556667424716 -0.6154758287584439
1653340102.239 -65.04711770970768 -8.424337840640405 -0.6160963459745884
1653340102.339 -64.94752695331884 -8.41310900703365 -0.6167168631907328
1653340102.439 -64.84793619693002 -8.401880173426896 -0.6173373804068774
1653340102.539 -64.74847507026236 -8.39040996687148 -0.6179492866504027
1653340102.639 -64.65054571392447 -8.376087575509322 -0.6184594412874953
1653340102.739 -64.5526163575866 -8.361765184147163 -0.618969595924588
1653340102.839 -64.45468700124871 -8.347442792785003 -0.6194797505616807
1653340102.939 -64.35668880498532 -8.333011936797922 -0.6199394936783957
1653340103.039 -64.25787303342865 -8.317292903973396 -0.6198005258980108
1653340103.139 -64.15905726187196 -8.301573871148872 -0.6196615581176259
1653340103.239 -64.06024149031528 -8.285854838324346 -0.619522590337241
1653340103.339 -63.96133401603661 -8.270069488691416 -0.6193535951034075
1653340103.439 -63.86134056813706 -8.253498793727537 -0.6188290049467553
1653340103.539 -63.76134712023752 -8.236928098763661 -0.6183044147901031
1653340103.639 -63.66135367233797 -8.220357403799783 -0.6177798246334509
1653340103.739 -63.561373002637865 -8.203799847921884 -0.6173042377675851
1653340103.839 -63.461543633444535 -8.187397865634312 -0.617408875271835
1653340103.939 -63.3617142642512 -8.170995883346738 -0.6175135127760848
1653340104.039 -63.26188489505787 -8.154593901059163 -0.6176181502803346
1653340104.139 -63.1622177132313 -8.13818648531336 -0.6177400311424486
1653340104.239 -63.064498720970015 -8.121713803037625 -0.6180690386786812
1653340104.339 -62.96677972870874 -8.10524112076189 -0.6183980462149138
1653340104.439 -62.86906073644745 -8.088768438486156 -0.6187270537511464
1653340104.539 -62.771174844367145 -8.072241500828113 -0.6189965107213564
1653340104.639 -62.67128359081709 -8.055062665200138 -0.6185504461811112
1653340104.739 -62.57139233726703 -8.037883829572163 -0.618104381640866
1653340104.839 -62.47150108371697 -8.020704993944188 -0.6176583171006208
1653340104.939 -62.37178755944386 -8.003591819312362 -0.6172652598513343
1653340105.039 -62.27421494148483 -7.987269589445863 -0.6175107222981574
1653340105.139 -62.1766423235258 -7.9709473595793625 -0.6177561847449804
1653340105.239 -62.079069705566766 -7.954625129712863 -0.6180016471918034
1653340105.339 -61.981369544717296 -7.938330854290944 -0.6182813626951774
1653340105.439 -61.88213640510629 -7.922372572272415 -0.6189727766321665
1653340105.539 -61.78290326549527 -7.9064142902538865 -0.6196641905691558
1653340105.639 -61.683670125884255 -7.890456008235357 -0.6203556045061449
1653340105.739 -61.584512403732894 -7.874455520783721 -0.621037586006561
1653340105.839 -61.486260246806715 -7.857948257146434 -0.6216063087657178
1653340105.939 -61.388008089880536 -7.8414409935091465 -0.6221750315248746
1653340106.039 -61.28975593295436 -7.8249337298718595 -0.6227437542840315
1653340106.139 -61.191443485189765 -7.8083806989338544 -0.6232911551239321
1653340106.239 -61.0924065336044 -7.791277690833365 -0.6235823344155348
1653340106.339 -60.99336958201903 -7.774174682732875 -0.6238735137071374
1653340106.439 -60.89433263043366 -7.757071674632386 -0.62416469299874
1653340106.539 -60.7954184407066 -7.739907746229872 -0.6244589327696379
1653340106.639 -60.69798445207224 -7.722009271292541 -0.6247900742692947
1653340106.739 -60.600550463437884 -7.70411079635521 -0.6251212157689514
1653340106.839 -60.503116474803534 -7.68621232141788 -0.6254523572686082
1653340106.939 -60.405576278538625 -7.668271881652595 -0.6257715553603181
1653340107.039 -60.306465231018365 -7.649710766119195 -0.6259141059054362
1653340107.139 -60.207354183498104 -7.631149650585795 -0.6260566564505543
1653340107.239 -60.108243135977844 -7.612588535052395 -0.6261992069956723
1653340107.339 -60.009188605108825 -7.5940956281186525 -0.626385211800566
1653340107.439 -59.910970528342276 -7.576612217709488 -0.6272143455428958
1653340107.539 -59.81275245157573 -7.559128807300322 -0.6280434792852256
1653340107.639 -59.71453437480919 -7.541645396891157 -0.6288726130275554
1653340107.739 -59.61627234960661 -7.524083013305954 -0.6296715168972036
1653340107.839 -59.51747201998934 -7.505553323187479 -0.6301001487984234
1653340107.939 -59.418671690372065 -7.487023633069005 -0.630528780699643
1653340108.039 -59.319871360754796 -7.468493942950531 -0.6309574126008628
1653340108.139 -59.22102814848099 -7.449922274286537 -0.6313404506471755
1653340108.239 -59.12154809573031 -7.4307271918906235 -0.6310463848327176
1653340108.339 -59.02206804297963 -7.4115321094947095 -0.6307523190182596
1653340108.439 -58.92258799022895 -7.392337027098795 -0.6304582532038017
1653340108.539 -58.823199624901356 -7.3731857068826026 -0.6302025083682707
1653340108.639 -58.72517384470326 -7.354684745170492 -0.6305162592637247
1653340108.739 -58.62714806450516 -7.336183783458383 -0.6308300101591786
1653340108.839 -58.529122284307064 -7.317682821746273 -0.6311437610546325
1653340108.939 -58.43109508571058 -7.299191893418726 -0.6314744391104308
1653340109.039 -58.333046523362256 -7.2808520867648925 -0.6320600720906073
1653340109.139 -58.23499796101393 -7.262512280111059 -0.6326457050707838
1653340109.239 -58.13694939866561 -7.244172473457224 -0.6332313380509603
1653340109.339 -58.038875028663355 -7.225874737056088 -0.6338059879760829
1653340109.439 -57.940403038267554 -7.20822518008577 -0.6342114211763943
1653340109.539 -57.84193104787175 -7.1905756231154525 -0.6346168543767056
1653340109.639 -57.74345905747596 -7.172926066145135 -0.6350222875770168
1653340109.739 -57.64499898673005 -7.155266082847966 -0.635421583936331
1653340109.839 -57.5467220090708 -7.137445944816199 -0.6357266146779281
1653340109.939 -57.448445031411545 -7.119625806784433 -0.6360316454195252
1653340110.039 -57.35016805375229 -7.101805668752666 -0.6363366761611223
1653340110.139 -57.25190308253839 -7.083962120128141 -0.636644049720163
1653340110.239 -57.153818657537194 -7.0657665360981525 -0.6369866532580921
1653340110.339 -57.055734232536 -7.047570952068164 -0.6373292567960214
1653340110.439 -56.95764980753479 -7.029375368038175 -0.6376718603339505
1653340110.539 -56.85960874538608 -7.011189328196742 -0.6380168571023148
1653340110.639 -56.762107001716764 -6.9931219926601065 -0.6383916192879684
1653340110.739 -56.66460525804745 -6.97505465712347 -0.6387663814736221
1653340110.839 -56.56710351437813 -6.956987321586835 -0.6391411436592757
1653340110.939 -56.46952547962109 -6.938907150623056 -0.6395078508859733
1653340111.039 -56.37099765318779 -6.920667184036674 -0.639774277290924
1653340111.139 -56.2724698267545 -6.902427217450291 -0.6400407036958745
1653340111.239 -56.173942000321205 -6.884187250863909 -0.6403071301008252
1653340111.339 -56.075378772447316 -6.865861402381127 -0.6405452130858444
1653340111.439 -55.976363328517664 -6.846438503275473 -0.6404212387829655
1653340111.539 -55.87734788458801 -6.8270156041698185 -0.6402972644800865
1653340111.639 -55.77833244065837 -6.807592705064164 -0.6401732901772075
1653340111.739 -55.67940366380111 -6.788095476983741 -0.6400620116148388
1653340111.839 -55.58166397319243 -6.767578443349486 -0.6401249206653448
1653340111.939 -55.48392428258374 -6.747061409715232 -0.6401878297158508
1653340112.039 -55.38618459197505 -6.7265443760809775 -0.6402507387663569
1653340112.139 -55.288434135048114 -6.706074363256389 -0.6403300054793712
1653340112.239 -55.19053638186958 -6.686247651962167 -0.6406330647939966
1653340112.339 -55.092638628691034 -6.666420940667946 -0.640936124108622
1653340112.439 -54.9947408755125 -6.646594229373724 -0.6412391834232474
1653340112.539 -54.89684312233396 -6.626767518079502 -0.6415422427378727
1653340112.639 -54.798945369155426 -6.60694080678528 -0.6418453020524981
1653340112.739 -54.70104761597688 -6.587114095491059 -0.6421483613671235
1653340112.839 -54.60314986279835 -6.567287384196837 -0.6424514206817489
1653340112.939 -54.50514303757082 -6.547524540997171 -0.6427238289993951
1653340113.039 -54.40564984967995 -6.528632050486401 -0.6425785455442704
1653340113.139 -54.30615666178909 -6.509739559975632 -0.6424332620891459
1653340113.239 -54.206663473898224 -6.490847069464862 -0.6422879786340212
1653340113.339 -54.1072860761333 -6.471978300727787 -0.6421775513025788
1653340113.439 -54.0094847850831 -6.4534324269396866 -0.6425415769535675
1653340113.539 -53.911683494032914 -6.434886553151586 -0.6429056026045563
1653340113.639 -53.813882202982725 -6.416340679363486 -0.643269628255545
1653340113.739 -53.716029014891504 -6.397877941542748 -0.643642456761817
1653340113.839 -53.617469987225505 -6.380545916662166 -0.6441350108537147
1653340113.939 -53.518910959559506 -6.363213891781585 -0.6446275649456125
1653340114.039 -53.420351931893514 -6.345881866901003 -0.6451201190375101
1653340114.139 -53.321747049917214 -6.328569635708631 -0.6455926917595112
1653340114.239 -53.222607731521855 -6.311488101865727 -0.6458323796838579
1653340114.339 -53.123468413126496 -6.294406568022823 -0.6460720676082045
1653340114.439 -53.02432909473113 -6.277325034179918 -0.6463117555325512
1653340114.539 -52.92532035180133 -6.260430768046669 -0.6466108653879272
1653340114.639 -52.82782491768083 -6.245706847418226 -0.647598647738599
1653340114.739 -52.730329483560325 -6.230982926789782 -0.6485864300892707
1653340114.839 -52.63283404943982 -6.216259006161339 -0.6495742124399425
1653340114.939 -52.53537140477672 -6.201612365636942 -0.6505850035393795
1653340115.039 -52.438289250997336 -6.187862488201072 -0.65186278957704
1653340115.139 -52.34120709721795 -6.174112610765203 -0.6531405756147004
1653340115.239 -52.24412494343857 -6.160362733329333 -0.6544183616523608
1653340115.339 -52.146794972827806 -6.146597014720774 -0.6556058575818278
1653340115.439 -52.046595091682214 -6.1326478430830855 -0.6557477242404833
1653340115.539 -51.946395210536615 -6.118698671445397 -0.6558895908991389
1653340115.639 -51.846195329391016 -6.104749499807708 -0.6560314575577945
1653340115.739 -51.74612626407026 -6.090778749197265 -0.656187469957562
1653340115.839 -51.64757503510379 -6.076557621009237 -0.6565076132653723
1653340115.939 -51.54902380613731 -6.062336492821208 -0.6568277565731826
1653340116.039 -51.45047257717084 -6.04811536463318 -0.6571478998809929
1653340116.139 -51.35191500064619 -6.033904217201688 -0.6575056288964697
1653340116.239 -51.25328370121805 -6.019808989991837 -0.6582998923116051
1653340116.339 -51.15465240178992 -6.005713762781986 -0.6590941557267406
1653340116.439 -51.05602110236179 -5.991618535572135 -0.6598884191418759
1653340116.539 -50.95740037040064 -5.977644509108797 -0.6606810388203953
1653340116.639 -50.85890522038529 -5.965110811306652 -0.6614541246179141
1653340116.739 -50.760410070369936 -5.952577113504508 -0.6622272104154329
1653340116.839 -50.66191492035458 -5.940043415702363 -0.6630002962129515
1653340116.939 -50.56336415103455 -5.927514147378883 -0.6637358745960297
1653340117.039 -50.464119839917906 -5.915040112190877 -0.6640037563808635
1653340117.139 -50.36487552880127 -5.902566077002872 -0.6642716381656972
1653340117.239 -50.26563121768463 -5.890092041814866 -0.6645395199505311
1653340117.339 -50.16638515230904 -5.87760199509212 -0.6647781676200109
1653340117.439 -50.067117301953374 -5.864913111723913 -0.6646537761727352
1653340117.539 -49.967849451597715 -5.8522242283557055 -0.6645293847254596
1653340117.639 -49.86858160124205 -5.839535344987498 -0.6644049932781841
1653340117.739 -49.76932239279296 -5.826844550826804 -0.6642977674132643
1653340117.839 -49.67017079030703 -5.814129964154086 -0.6644042813067875
1653340117.939 -49.57101918782111 -5.8014153774813675 -0.6645107952003108
1653340118.039 -49.47186758533518 -5.78870079080865 -0.664617309093834
1653340118.139 -49.37271598284926 -5.775986204135932 -0.6647238229873572
1653340118.239 -49.27356438036333 -5.763271617463214 -0.6648303368808804
1653340118.339 -49.17441277787741 -5.750557030790496 -0.6649368507744036
1653340118.439 -49.07526117539148 -5.737842444117778 -0.6650433646679268
1653340118.539 -48.97609970982687 -5.725158132093772 -0.6651588649902154
1653340118.639 -48.87678977502676 -5.712929545314242 -0.6654096383089012
1653340118.739 -48.77747984022665 -5.7007009585347115 -0.6656604116275869
1653340118.839 -48.678169905426536 -5.688472371755182 -0.6659111849462728
1653340118.939 -48.5788772742382 -5.676247417059739 -0.6661828357460405
1653340119.039 -48.47979864898295 -5.664067382901942 -0.6667126930334282
1653340119.139 -48.380720023727704 -5.651887348744145 -0.6672425503208159
1653340119.239 -48.28164139847245 -5.6397073145863486 -0.6677724076082036
1653340119.339 -48.182669617590555 -5.627432779516865 -0.6682716769394038
1653340119.439 -48.08500708846827 -5.6140002472498844 -0.6683961269497085
1653340119.539 -47.98734455934598 -5.600567714982904 -0.6685205769600131
1653340119.639 -47.88968203022368 -5.587135182715923 -0.6686450269703178
1653340119.739 -47.791860746841934 -5.573611125572038 -0.6687147828417497
1653340119.839 -47.6920998594854 -5.558968849517751 -0.6681163048685296
1653340119.939 -47.59233897212887 -5.544326573463465 -0.6675178268953096
1653340120.039 -47.49257808477234 -5.529684297409179 -0.6669193489220895
1653340120.139 -47.39284137627238 -5.515036580841528 -0.6663595971181842
1653340120.239 -47.293400726487874 -5.5003222477491045 -0.6662740290253876
1653340120.339 -47.19396007670337 -5.485607914656681 -0.6661884609325909
1653340120.439 -47.09451942691886 -5.470893581564257 -0.6661028928397943
1653340120.539 -46.995058827088954 -5.456256584108226 -0.6660571625804383
1653340120.639 -46.89535476018553 -5.442563378041848 -0.6664976066895626
1653340120.739 -46.79565069328211 -5.428870171975472 -0.6669380507986868
1653340120.839 -46.695946626378685 -5.415176965909095 -0.6673784949078111
1653340120.939 -46.59628794107258 -5.401545611177204 -0.6678359926698166
1653340121.039 -46.49718976877828 -5.388678188960339 -0.6685041219411375
1653340121.139 -46.398091596483965 -5.375810766743472 -0.6691722512124585
1653340121.239 -46.29899342418965 -5.362943344526606 -0.6698403804837795
1653340121.339 -46.19990927499094 -5.350038559071984 -0.6704903041382672
1653340121.439 -46.100997256405684 -5.336675147560718 -0.6709167575915986
1653340121.539 -46.002085237820424 -5.323311736049451 -0.67134321104493
1653340121.639 -45.90317321923517 -5.309948324538185 -0.6717696644982615
1653340121.739 -45.80416147289433 -5.296556296297904 -0.6721585498051125
1653340121.839 -45.70392263253929 -5.282812155281461 -0.6720851801719948
1653340121.939 -45.60368379218425 -5.269068014265018 -0.6720118105388773
1653340122.039 -45.50344495182921 -5.2553238732485745 -0.6719384409057596
1653340122.139 -45.403413948594505 -5.241628594027451 -0.6719481978725061
1653340122.239 -45.30593426043996 -5.228533120245516 -0.6729783796192655
1653340122.339 -45.20845457228542 -5.215437646463582 -0.6740085613660249
1653340122.439 -45.11097488413087 -5.202342172681647 -0.6750387431127843
1653340122.539 -45.01330114291262 -5.189273632535197 -0.6760173796253058
1653340122.639 -44.91325176769583 -5.1765348190054725 -0.6763649897135189
1653340122.739 -44.81320239247904 -5.163796005475748 -0.6767125998017319
1653340122.839 -44.71315301726226 -5.151057191946025 -0.6770602098899451
1653340122.939 -44.6131350658995 -5.138279544307725 -0.6773499488921284
1653340123.039 -44.51350326672514 -5.125024683530838 -0.6769285387625104
1653340123.139 -44.41387146755078 -5.11176982275395 -0.6765071286328924
1653340123.239 -44.314239668376416 -5.098514961977063 -0.6760857185032744
1653340123.339 -44.21470952533671 -5.085202592695339 -0.6757340477646536
1653340123.439 -44.11642586772453 -5.071185066627137 -0.6762375062801564
1653340123.539 -44.018142210112345 -5.057167540558936 -0.6767409647956593
1653340123.639 -43.919858552500166 -5.043150014490734 -0.6772444233111621
1653340123.739 -43.82147463775006 -5.029089708417764 -0.6777269636058142
1653340123.839 -43.72188377710659 -5.014514395112999 -0.6779576798281505
1653340123.939 -43.622292916463124 -4.999939081808234 -0.6781883960504869
1653340124.039 -43.52270205581966 -4.985363768503468 -0.6784191122728233
1653340124.139 -43.42313203370207 -4.970880121159017 -0.6786496708149575
1653340124.239 -43.32381186143851 -4.957495530769994 -0.6788783388022754
1653340124.339 -43.22449168917495 -4.944110940380971 -0.6791070067895933
1653340124.439 -43.12517151691139 -4.930726349991947 -0.6793356747769113
1653340124.539 -43.02590489596304 -4.91741334152004 -0.6795775811003378
1653340124.639 -42.927277820504465 -4.904955212000498 -0.6799775884548577
1653340124.739 -42.82865074504589 -4.892497082480957 -0.6803775958093775
1653340124.839 -42.730023669587325 -4.880038952961415 -0.6807776031638973
1653340124.939 -42.631289244735726 -4.867622628447391 -0.68116635464935
1653340125.039 -42.53127280762455 -4.8557055571482595 -0.6814206837433062
1653340125.139 -42.431256370513374 -4.843788485849128 -0.6816750128372624
1653340125.239 -42.3312399334022 -4.831871414549997 -0.6819293419312185
1653340125.339 -42.231365064767374 -4.81991412673294 -0.6822412237123319
1653340125.439 -42.13322595930167 -4.807463746439344 -0.6832587557711444
1653340125.539 -42.035086853835956 -4.7950133661457475 -0.6842762878299569
1653340125.639 -41.936947748370244 -4.7825629858521514 -0.6852938198887694
1653340125.739 -41.838717287433845 -4.770098251426678 -0.6862872180794097
1653340125.839 -41.7393542072933 -4.757455555404584 -0.6869814061367532
1653340125.939 -41.63999112715277 -4.74481285938249 -0.6876755941940966
1653340126.039 -41.540628047012234 -4.732170163360396 -0.6883697822514401
1653340126.139 -41.441257027517516 -4.719564414427064 -0.689065967621138
1653340126.239 -41.34178747303002 -4.707417214267667 -0.6897869415509648
1653340126.339 -41.24231791854251 -4.695270014108271 -0.6905079154807914
1653340126.439 -41.14284836405501 -4.683122813948874 -0.6912288894106181
1653340126.539 -41.043393654739816 -4.670953483717561 -0.6919174745704102
1653340126.639 -40.9441256917591 -4.658505766026166 -0.6921986219478228
1653340126.739 -40.84485772877838 -4.646058048334771 -0.6924797693252354
1653340126.839 -40.74558976579766 -4.633610330643377 -0.6927609167026479
1653340126.939 -40.64715390073495 -4.621284750276271 -0.6930467836380172
1653340127.039 -40.55908017339542 -4.610480149289157 -0.6933914233553874
1653340127.139 -40.47100644605589 -4.599675548302044 -0.6937360630727576
1653340127.239 -40.38293271871636 -4.5888709473149305 -0.6940807027901278
1653340127.339 -40.30085046910439 -4.578830746299854 -0.6944658657196328
1653340127.439 -40.29329605921428 -4.578298897178892 -0.6953550958586517
1653340127.539 -40.28574164932417 -4.577767048057931 -0.6962443259976706
1653340127.639 -40.27818723943406 -4.577235198936968 -0.6971335561366895
1653340127.739 -40.27120218442862 -4.576787590487919 -0.6979673608768239
1653340127.839 -40.2713124345719 -4.577389789969322 -0.6981104538505856
1653340127.939 -40.27142268471518 -4.577991989450725 -0.6982535468243471
1653340128.039 -40.27153293485846 -4.578594188932127 -0.6983966397981088
1653340128.139 -40.27045951965559 -4.579004099665622 -0.6985372542470945
1653340128.239 -40.254650381442914 -4.57702016340828 -0.6986470129692545
1653340128.339 -40.23884124323025 -4.575036227150938 -0.6987567716914146
1653340128.439 -40.22303210501757 -4.573052290893597 -0.6988665304135747
1653340128.539 -40.20157822758223 -4.570301950558167 -0.6989122579812624
1653340128.639 -40.10992610649362 -4.558020572899636 -0.6981616910868446
1653340128.739 -40.018273985405 -4.545739195241105 -0.6974111241924267
1653340128.839 -39.92662186431639 -4.533457817582575 -0.6966605572980087
1653340128.939 -39.834414773799075 -4.521081290448141 -0.6959490231060459
1653340129.039 -39.735270199230435 -4.507515332081213 -0.6957254234502182
1653340129.139 -39.636125624661794 -4.493949373714285 -0.6955018237943904
1653340129.239 -39.53698105009316 -4.480383415347357 -0.6952782241385627
1653340129.339 -39.43787678933985 -4.4668884281927514 -0.6950700517193367
1653340129.439 -39.33927416476076 -4.454276555849676 -0.6950538447562175
1653340129.539 -39.240671540181665 -4.4416646835066 -0.6950376377930984
1653340129.639 -39.14206891560258 -4.429052811163524 -0.6950214308299792
1653340129.739 -39.043321447364534 -4.4164406783112 -0.6949491831005088
1653340129.839 -38.94276937427013 -4.403825299778267 -0.694178724349274
1653340129.939 -38.84221730117572 -4.391209921245335 -0.6934082655980393
1653340130.039 -38.74166522808132 -4.378594542712403 -0.6926378068468045
1653340130.139 -38.64132758081507 -4.366010216930846 -0.6919257537126257
1653340130.239 -38.54364547411166 -4.353810461616257 -0.6919370205558897
1653340130.339 -38.445963367408254 -4.341610706301668 -0.6919482873991538
1653340130.439 -38.348281260704844 -4.329410950987079 -0.6919595542424178
1653340130.539 -38.25050069258607 -4.31718004665996 -0.6919585509657002
1653340130.639 -38.15150122410845 -4.304563533996697 -0.691805650079201
1653340130.739 -38.05250175563082 -4.291947021333433 -0.6916527491927018
1653340130.839 -37.95350228715319 -4.279330508670171 -0.6914998483062025
1653340130.939 -37.854332170006224 -4.266647093525337 -0.6912987401607888
1653340131.039 -37.753054062576915 -4.253137244857373 -0.6905021369920277
1653340131.139 -37.6517759551476 -4.239627396189409 -0.6897055338232665
1653340131.239 -37.55049784771828 -4.226117547521445 -0.6889089306545053
1653340131.339 -37.44938245314155 -4.212665498092488 -0.688202703362561
1653340131.439 -37.35024750350566 -4.199916946934636 -0.688596477976919
1653340131.539 -37.251112553869774 -4.187168395776783 -0.6889902525912771
1653340131.639 -37.15197760423389 -4.17441984461893 -0.6893840272056352
1653340131.739 -37.052753108622866 -4.161628916864509 -0.6897718318572857
1653340131.839 -36.95244146877709 -4.148323510680712 -0.6900871574217539
1653340131.939 -36.85212982893132 -4.135018104496916 -0.6904024829862219
1653340132.039 -36.75181818908555 -4.121712698313118 -0.6907178085506899
1653340132.139 -36.65167617706214 -4.108308158903671 -0.6911019670984291
1653340132.239 -36.55360954735531 -4.093690732712901 -0.6923282914788722
1653340132.339 -36.45554291764847 -4.079073306522131 -0.6935546158593152
1653340132.439 -36.35747628794163 -4.064455880331361 -0.6947809402397582
1653340132.539 -36.25938032495813 -4.0498434246261015 -0.6960008298410456
1653340132.639 -36.16092763528192 -4.035291415794101 -0.6971424650586597
1653340132.739 -36.06247494560572 -4.020739406962101 -0.6982841002762739
1653340132.839 -35.964022255929514 -4.006187398130102 -0.699425735493888
1653340132.939 -35.86550108711202 -3.991604395819213 -0.7004993663698086
1653340133.039 -35.7661464135524 -3.976644151458529 -0.7007452716022993
1653340133.139 -35.66679173999277 -3.961683907097845 -0.7009911768347901
1653340133.239 -35.56743706643314 -3.946723662737161 -0.7012370820672809
1653340133.339 -35.46810675482551 -3.931808025506409 -0.7015213268489804
1653340133.439 -35.36907254992698 -3.917434564471126 -0.7022715686799775
1653340133.539 -35.27003834502845 -3.9030611034358427 -0.7030218105109747
1653340133.639 -35.171004140129924 -3.8886876424005594 -0.7037720523419717
1653340133.739 -35.07202982433205 -3.874379087822464 -0.7045120851020905
1653340133.839 -34.973788737224034 -3.860865189969074 -0.7051271271112436
1653340133.939 -34.87554765011602 -3.8473512921156834 -0.7057421691203967
1653340134.039 -34.777306563008004 -3.833837394262293 -0.7063572111295497
1653340134.139 -34.67891695433754 -3.820314113477697 -0.7068779656315071
1653340134.239 -34.57872264653421 -3.8066768198350984 -0.7062530239822242
1653340134.339 -34.47852833873089 -3.7930395261925 -0.7056280823329414
1653340134.439 -34.37833403092757 -3.7794022325499017 -0.7050031406836585
1653340134.539 -34.2782448716205 -3.7657750512745323 -0.704443809043462
1653340134.639 -34.17945234234841 -3.752272569824089 -0.7046935418350708
1653340134.739 -34.08065981307632 -3.738770088373646 -0.7049432746266797
1653340134.839 -33.981867283804235 -3.725267606923203 -0.7051930074182885
1653340134.939 -33.883025025409964 -3.711786674460229 -0.7054718205995759
1653340135.039 -33.783574671605265 -3.698569246354549 -0.7061062332911895
1653340135.139 -33.68412431780057 -3.6853518182488694 -0.7067406459828031
1653340135.239 -33.584673963995876 -3.6721343901431895 -0.7073750586744167
1653340135.339 -33.485186735470876 -3.6588036267564727 -0.7079903600905031
1653340135.439 -33.38524805195324 -3.6440853063103713 -0.7083716833046655
1653340135.539 -33.285309368435605 -3.62936698586427 -0.7087530065188279
1653340135.639 -33.18537068491796 -3.6146486654181684 -0.7091343297329902
1653340135.739 -33.08557720702697 -3.59986262830836 -0.7095194299729445
1653340135.839 -32.98755689384274 -3.5842496755967326 -0.7099506530043183
1653340135.939 -32.88953658065851 -3.5686367228851057 -0.710381876035692
1653340136.039 -32.79151626747427 -3.5530237701734784 -0.7108130990670657
1653340136.139 -32.693495114076505 -3.537391729700864 -0.7112137304746156
1653340136.239 -32.59546370314766 -3.521526661202947 -0.7112408919034048
1653340136.339 -32.49743229221881 -3.5056615927050307 -0.711268053332194
1653340136.439 -32.399400881289964 -3.489796524207114 -0.7112952147609833
1653340136.539 -32.30143222669872 -3.473988984713424 -0.7113475452342711
1653340136.639 -32.20422928364871 -3.458883376278405 -0.711706971828691
1653340136.739 -32.107026340598686 -3.4437777678433865 -0.7120663984231109
1653340136.839 -32.00982339754867 -3.428672159408368 -0.7124258250175307
1653340136.939 -31.912347327391288 -3.4135151927343 -0.712713647131941
1653340137.039 -31.811553725630933 -3.3977344044895186 -0.7121317272143698
1653340137.139 -31.71076012387058 -3.381953616244737 -0.7115498072967986
1653340137.239 -31.609966522110224 -3.366172827999955 -0.7109678873792276
1653340137.339 -31.509397189120737 -3.3503882006338697 -0.7104871032289046
1653340137.439 -31.41158438845558 -3.3345563858598783 -0.711249399024507
1653340137.539 -31.313771587790423 -3.3187245710858875 -0.7120116948201095
1653340137.639 -31.215958787125267 -3.302892756311896 -0.7127739906157119
1653340137.739 -31.11806726207259 -3.287114171667621 -0.7135055459687212
1653340137.839 -31.019213220936802 -3.271986400037839 -0.7138612562840085
1653340137.939 -30.920359179801014 -3.2568586284080574 -0.714216966599296
1653340138.039 -30.821505138665227 -3.2417308567782754 -0.7145726769145835
1653340138.139 -30.722668958168533 -3.2265721380105954 -0.7148900064817443
1653340138.239 -30.62405142051145 -3.2110345766900856 -0.7147374941964008
1653340138.339 -30.52543388285437 -3.1954970153695763 -0.7145849819110572
1653340138.439 -30.426816345197285 -3.1799594540490665 -0.7144324696257136
1653340138.539 -30.328200691602024 -3.164463377873057 -0.7143073695693838
1653340138.639 -30.229608224146297 -3.1494778371462595 -0.7145196171304252
1653340138.739 -30.13101575669057 -3.1344922964194617 -0.7147318646914667
1653340138.839 -30.03242328923484 -3.1195067556926643 -0.7149441122525081
1653340138.939 -29.933684080880795 -3.1046047004180917 -0.7151227669474817
1653340139.039 -29.833155691833724 -3.0907205655800483 -0.7148918309415507
1653340139.139 -29.73262730278665 -3.0768364307420053 -0.7146608949356198
1653340139.239 -29.63209891373958 -3.0629522959039623 -0.7144299589296889
1653340139.339 -29.531814396267404 -3.0490764391325924 -0.7142686033208911
1653340139.439 -29.434511611965714 -3.0353017954115677 -0.714957983097034
1653340139.539 -29.33720882766402 -3.021527151690543 -0.7156473628731769
1653340139.639 -29.239906043362332 -3.0077525079695184 -0.7163367426493197
1653340139.739 -29.142569351449296 -2.993919227142936 -0.7169618657680336
1653340139.839 -29.04481780839229 -2.979368535995847 -0.7168008247546261
1653340139.939 -28.94706626533528 -2.964817844848758 -0.7166397837412188
1653340140.039 -28.849314722278272 -2.950267153701669 -0.7164787427278114
1653340140.139 -28.751369308722012 -2.9357915193984563 -0.7162384537747102
1653340140.239 -28.651054574758767 -2.9222331660253618 -0.7150296638818128
1653340140.339 -28.550739840795522 -2.908674812652267 -0.7138208739889154
1653340140.439 -28.45042510683228 -2.8951164592791723 -0.712612084096018
1653340140.539 -28.350166145854626 -2.8816250889483683 -0.711530209606854
1653340140.639 -28.250590294816234 -2.868954129816079 -0.7120028004708036
1653340140.739 -28.151014443777846 -2.856283170683789 -0.7124753913347532
1653340140.839 -28.05143859273946 -2.8436122115514992 -0.7129479821987029
1653340140.939 -27.95195416778266 -2.831020441453754 -0.7134433594400437
1653340141.039 -27.853578404306848 -2.819388942547662 -0.7142150514754304
1653340141.139 -27.755202640831033 -2.80775744364157 -0.7149867435108173
1653340141.239 -27.656826877355222 -2.7961259447354787 -0.715758435546204
1653340141.339 -27.558377559322988 -2.784503567920183 -0.7165281139996412
1653340141.439 -27.45903607190737 -2.7729918361895303 -0.7172733690012376
1653340141.539 -27.35969458449175 -2.7614801044588773 -0.7180186240028341
1653340141.639 -27.26035309707613 -2.7499683727282243 -0.7187638790044306
1653340141.739 -27.161056057032255 -2.7384704018544728 -0.7195033164000031
1653340141.839 -27.062300674160387 -2.7271401274392666 -0.7201718576344973
1653340141.939 -26.963545291288515 -2.7158098530240604 -0.7208403988689916
1653340142.039 -26.864789908416647 -2.7044795786088547 -0.721508940103486
1653340142.139 -26.766018755189457 -2.693244322383471 -0.7221345113085452
1653340142.239 -26.667056319008225 -2.6831615677769363 -0.7222388872711096
1653340142.339 -26.56809388282699 -2.6730788131704015 -0.722343263233674
1653340142.439 -26.469131446645758 -2.662996058563867 -0.7224476391962384
1653340142.539 -26.370066302896777 -2.652989636257804 -0.7225563539729215
1653340142.639 -26.269481549903873 -2.644112588076284 -0.7227292636496211
1653340142.739 -26.168896796910964 -2.6352355398947633 -0.7229021733263206
1653340142.839 -26.068312043918056 -2.626358491713243 -0.7230750830030201
1653340142.939 -25.967756268713956 -2.6175112688930247 -0.7232700326158753
1653340143.039 -25.867552328266726 -2.609026171658482 -0.7237325808240282
1653340143.139 -25.7673483878195 -2.6005410744239392 -0.7241951290321812
1653340143.239 -25.66714444737227 -2.5920559771893967 -0.7246576772403341
1653340143.339 -25.567125854936826 -2.5836032921426493 -0.7250226936885564
1653340143.439 -25.46937406698671 -2.5755470078555622 -0.7241948976067538
1653340143.539 -25.371622279036593 -2.567490723568475 -0.7233671015249512
1653340143.639 -25.27387049108648 -2.5594344392813886 -0.7225393054431487
1653340143.739 -25.176030402919476 -2.5514933184946798 -0.7218207684141612
1653340143.839 -25.077108950268023 -2.5449625421397983 -0.7224402672755283
1653340143.939 -24.978187497616567 -2.538431765784917 -0.7230597661368954
1653340144.039 -24.879266044965114 -2.531900989430036 -0.7236792649982625
1653340144.139 -24.780091509344608 -2.5253595937845583 -0.7244302159594032
1653340144.239 -24.677823692407024 -2.518688404920181 -0.726787827083615
1653340144.339 -24.575555875469444 -2.5120172160558036 -0.7291454382078268
1653340144.439 -24.47328805853186 -2.505346027191426 -0.7315030493320387
1653340144.539 -24.371284339169375 -2.498703105900622 -0.7338150695977835
1653340144.639 -24.272532400305213 -2.4924082375764085 -0.7355657387628589
1653340144.739 -24.17378046144105 -2.4861133692521946 -0.7373164079279342
1653340144.839 -24.075028522576893 -2.4798185009279807 -0.7390670770930096
1653340144.939 -23.97624960700459 -2.4735902663522635 -0.740732459655148
1653340145.039 -23.87713739598349 -2.4681852873418637 -0.7413441318663111
1653340145.139 -23.778025184962388 -2.462780308331464 -0.7419558040774742
1653340145.239 -23.678912973941287 -2.4573753293210645 -0.7425674762886373
1653340145.339 -23.57970071586231 -2.4519395114290377 -0.7431468047057904
1653340145.439 -23.47927186032282 -2.44612868495737 -0.743332824429118
1653340145.539 -23.378843004783334 -2.440317858485702 -0.7435188441524454
1653340145.639 -23.278414149243847 -2.434507032014034 -0.743704863875773
1653340145.739 -23.17799368072613 -2.428663058430289 -0.7439414673152193
1653340145.839 -23.07767486697552 -2.422417325789322 -0.7447911699004096
1653340145.939 -22.977356053224913 -2.4161715931483547 -0.7456408724856
1653340146.039 -22.8770372394743 -2.409925860507388 -0.7464905750707904
1653340146.139 -22.776785783504973 -2.403589461704974 -0.7472848260238428
1653340146.239 -22.677352048829828 -2.396152378624247 -0.7474058959496288
1653340146.339 -22.57791831415468 -2.38871529554352 -0.7475269658754148
1653340146.439 -22.478484579479534 -2.381278212462793 -0.7476480358012008
1653340146.539 -22.37909108884998 -2.3739398016806366 -0.7476992208623828
1653340146.639 -22.280185802043 -2.3677983926570434 -0.7469026268909519
1653340146.739 -22.181280515236022 -2.3616569836334507 -0.746106032919521
1653340146.839 -22.082375228429044 -2.355515574609858 -0.7453094389480901
1653340146.939 -21.983727187881982 -2.3491353348771433 -0.7445032926662227
1653340147.039 -21.888225331147677 -2.339834137960166 -0.7435803193234702
1653340147.139 -21.792723474413375 -2.3305329410431885 -0.7426573459807178
1653340147.239 -21.69722161767907 -2.3212317441262114 -0.7417343726379653
1653340147.339 -21.601452389601235 -2.311197611150939 -0.740871737417933
1653340147.439 -21.502384756415488 -2.292121671351811 -0.7407534586033144
1653340147.539 -21.403317123229744 -2.273045731552683 -0.7406351797886958
1653340147.639 -21.304249490043997 -2.253969791753555 -0.7405169009740771
1653340147.739 -21.205589522708856 -2.23459693706911 -0.740461166497194
1653340147.839 -21.112713587349358 -2.2110114038191817 -0.7412928216528293
1653340147.939 -21.019837651989864 -2.1874258705692533 -0.7421244768084646
1653340148.039 -20.926961716630366 -2.1638403373193253 -0.7429561319640999
1653340148.139 -20.834776992982835 -2.1404197165980916 -0.7437983027278527
1653340148.239 -20.752425747211355 -2.1193452131001806 -0.7447900730976108
1653340148.339 -20.670074501439878 -2.0982707096022697 -0.7457818434673689
1653340148.439 -20.587723255668397 -2.0771962061043587 -0.7467736138371269
1653340148.539 -20.505238586332727 -2.0563415947742403 -0.747755540297539
1653340148.639 -20.420847154384166 -2.038629473055684 -0.748596786973094
1653340148.739 -20.336455722435606 -2.020917351337128 -0.749438033648649
1653340148.839 -20.25206429048705 -2.003205229618572 -0.750279280324204
1653340148.939 -20.167540600298896 -1.985860567907237 -0.7512430963439398
1653340149.039 -20.081142500589845 -1.9737236765261486 -0.7539440075073067
1653340149.139 -19.994744400880794 -1.9615867851450601 -0.7566449186706736
1653340151.439335 -17.83183533798231 -1.8055204712232482 -0.7614577250517301
1653340151.539335 -17.722215017232298 -1.79575222446735 -0.7614047704669591
1653340151.6393352 -17.61259469648229 -1.7859839777114517 -0.761351815882188
1653340151.739335 -17.503677294963754 -1.7758809271819098 -0.7614628519393972
1653340151.8393352 -17.405208478265454 -1.7608011659999396 -0.764011536670514
1653340151.939335 -17.306739661567153 -1.7457214048179694 -0.7665602214016308
1653340152.039335 -17.208270844868853 -1.7306416436359993 -0.7691089061327476
1653340152.1393352 -17.10980174517826 -1.715519211304808 -0.7715556476019251
1653340152.239335 -17.01132844919899 -1.6997640392670308 -0.7724907459392615
1653340152.3393352 -16.912855153219724 -1.6840088672292537 -0.773425844276598
1653340152.439335 -16.814381857240452 -1.6682536951914766 -0.7743609426139345
1653340152.539335 -16.715874358596583 -1.652323225207036 -0.7752339321343408
1653340152.6393352 -16.61685327667794 -1.633760501433173 -0.7751743028087607
1653340152.739335 -16.5178321947593 -1.6151977776593103 -0.7751146734831805
1653340152.8393352 -16.418811112840658 -1.5966350538854475 -0.7750550441576003
1653340152.939335 -16.319848905280043 -1.5780343923670963 -0.7750406427282225
1653340153.039335 -16.221853692479208 -1.5588106140734868 -0.7757690967641221
1653340153.1393352 -16.123858479678372 -1.5395868357798772 -0.7764975508000216
1653340153.239335 -16.02586326687754 -1.5203630574862674 -0.7772260048359212
1653340153.3393352 -15.9277762562042 -1.5010964391916084 -0.777919229633607
1653340153.439335 -15.828471138581191 -1.4812613577988527 -0.7781449819427776
1653340153.539335 -15.729166020958182 -1.461426276406097 -0.7783707342519482
1653340153.6393352 -15.629860903335171 -1.4415911950133413 -0.7785964865611188
1653340153.739335 -15.530741383502999 -1.4217519593457129 -0.7789139640395273
1653340153.8393352 -15.43410950835923 -1.4018570421973167 -0.7804608722617967
1653340153.939335 -15.33747763321546 -1.3819621250489207 -0.7820077804840663
1653340154.039335 -15.240845758071693 -1.3620672079005245 -0.7835546887063357
1653340154.1393352 -15.144130622068895 -1.34214969118869 -0.7850779915755887
1653340154.239335 -15.046285363857125 -1.3219254244762813 -0.7862808925896844
1653340154.3393352 -14.948440105645357 -1.3017011577638726 -0.7874837936037802
1653340154.439335 -14.850594847433587 -1.281476891051464 -0.788686694617876
1653340154.539335 -14.75267848057099 -1.2612314261534163 -0.7898618660536695
1653340154.6393352 -14.653571391883514 -1.2406309954109231 -0.7905727027890386
1653340154.739335 -14.554464303196037 -1.2200305646684297 -0.7912835395244077
1653340154.8393352 -14.45535721450856 -1.1994301339259363 -0.7919943762597768
1653340154.939335 -14.356334731016146 -1.1787521688495248 -0.7927232858380753
1653340155.039335 -14.258722859570577 -1.156781483327419 -0.7937535217112669
1653340155.1393352 -14.161110988125007 -1.134810797805313 -0.7947837575844584
1653340155.239335 -14.063499116679438 -1.1128401122832072 -0.79581399345765
1653340155.3393352 -13.965947277181321 -1.0908939133146955 -0.7968472674251988
1653340155.439335 -13.869439631733174 -1.0693736327888155 -0.7979333859227971
1653340155.539335 -13.772931986285027 -1.0478533522629354 -0.7990195044203952
1653340155.6393352 -13.67642434083688 -1.0263330717370556 -0.8001056229179934
1653340155.739335 -13.57976888009998 -1.004825067892943 -0.8011224627368495
1653340155.8393352 -13.48054929364804 -0.9835300254798256 -0.8009375375477198
1653340155.939335 -13.381329707196102 -0.9622349830667083 -0.8007526123585902
1653340156.039335 -13.282110120744163 -0.940939940653591 -0.8005676871694605
1653340156.1393352 -13.182976587752558 -0.9196375464712925 -0.800434642380891
1653340156.239335 -13.085300458472926 -0.8982106425289877 -0.8011802454475073
1653340156.3393352 -12.987624329193292 -0.876783738586683 -0.8019258485141237
1653340156.439335 -12.88994819991366 -0.8553568346443782 -0.80267145158074
1653340156.539335 -12.792336217886069 -0.8339797620656951 -0.8034508182836929
1653340156.6393352 -12.695582817822661 -0.8132696597576682 -0.8046820959926669
1653340156.739335 -12.598829417759255 -0.7925595574496412 -0.805913373701641
1653340156.8393352 -12.502076017695849 -0.7718494551416143 -0.807144651410615
1653340156.939335 -12.405287647119732 -0.7512063102714789 -0.8083383433251
1653340157.039335 -12.308031360364772 -0.7314590764433354 -0.8090291257889695
1653340157.1393352 -12.210775073609813 -0.711711842615192 -0.8097199082528388
1653340157.239335 -12.113518786854856 -0.6919646087870487 -0.8104106907167081
1653340157.3393352 -12.016234532701805 -0.6723058238216555 -0.8110296351278685
1653340157.439335 -11.918574940635398 -0.6538340713958447 -0.8106844732351788
1653340157.539335 -11.820915348568994 -0.635362318970034 -0.8103393113424889
1653340157.6393352 -11.723255756502589 -0.6168905665442234 -0.8099941494497991
1653340157.739335 -11.625576527726205 -0.5986597147529733 -0.8097150010675734
1653340157.8393352 -11.527624520171765 -0.5837752779569787 -0.8103528639738797
1653340157.939335 -11.429672512617325 -0.5688908411609841 -0.8109907268801859
1653340158.039335 -11.331720505062886 -0.5540064043649894 -0.8116285897864922
1653340158.1393352 -11.233543864785203 -0.5392512556896741 -0.8122201382617102
1653340158.239335 -11.132228233452025 -0.5263027638920171 -0.8121644943651875
1653340158.3393352 -11.030912602118848 -0.51335427209436 -0.8121088504686647
1653340158.439335 -10.92959697078567 -0.500405780296703 -0.8120532065721419
1653340158.539335 -10.828420144964712 -0.4873596521837074 -0.8120471019911857
1653340158.6393352 -10.729177523968167 -0.47295299717846473 -0.8127313099319385
1653340158.739335 -10.629934902971621 -0.458546342173222 -0.8134155178726914
1653340158.8393352 -10.530692281975075 -0.4441396871679793 -0.8140997258134443
1653340158.939335 -10.431459732155158 -0.4296605368870951 -0.8147875510714923
1653340159.039335 -10.332364829638133 -0.4141905610519175 -0.8155248158327671
1653340159.1393352 -10.233269927121109 -0.39872058521673986 -0.816262080594042
1653340159.239335 -10.134175024604085 -0.3832506093815623 -0.816999345355317
1653340159.3393352 -10.03514124848218 -0.36785425614543943 -0.8177458706317333
1653340159.439335 -9.936929857518049 -0.3534484100809113 -0.8186169854605151
1653340159.539335 -9.838718466553917 -0.33904256401638316 -0.8194881002892968
1653340159.6393352 -9.740507075589786 -0.32463671795185506 -0.8203592151180784
1653340159.739335 -9.642200237025182 -0.3103056649852611 -0.821191527485894
1653340159.8393352 -9.542613838325101 -0.29697728014288627 -0.8215036582884757
1653340159.939335 -9.443027439625018 -0.2836488953005114 -0.8218157890910573
1653340160.039335 -9.343441040924935 -0.27032051045813654 -0.8221279198936391
1653340160.1393352 -9.2438900744126 -0.2569906820829814 -0.8224561572250204
1653340160.239335 -9.14481871434302 -0.24364131419684093 -0.8230024108707721
1653340160.3393352 -9.04574735427344 -0.2302919463107004 -0.8235486645165239
1653340160.439335 -8.94667599420386 -0.21694257842455988 -0.8240949181622755
1653340160.539335 -8.84758836588346 -0.2035427336915274 -0.8246269342244257
1653340160.6393352 -8.748278228398053 -0.1894524913748704 -0.82496421559294
1653340160.739335 -8.648968090912645 -0.17536224905821343 -0.8253014969614544
1653340160.8393352 -8.549657953427236 -0.16127200674155645 -0.8256387783299688
1653340160.939335 -8.45036581421211 -0.14719901560415696 -0.8259732147485868
1653340161.039335 -8.351319656224605 -0.13336179524834008 -0.8262687694159555
1653340161.1393352 -8.2522734982371 -0.11952457489252317 -0.8265643240833241
1653340161.239335 -8.153227340249595 -0.10568735453670627 -0.8268598787506929
1653340161.3393352 -8.054205302572553 -0.09182592028553106 -0.8271385000851267
1653340161.439335 -7.955509199305794 -0.07763728702436337 -0.8271883036399255
1653340161.539335 -7.856813096039036 -0.0634486537631957 -0.8272381071947242
1653340161.6393352 -7.758116992772278 -0.04926002050202801 -0.827287910749523
1653340161.739335 -7.65935593858174 -0.03514160997402975 -0.8273361811476131
1653340161.8393352 -7.559720805149649 -0.021968224239761188 -0.8273638190377235
1653340161.939335 -7.4600856717175565 -0.008794838505492626 -0.827391456927834
1653340162.039335 -7.360450538285465 0.004378547228775932 -0.8274190948179444
1653340162.1393352 -7.260765856950968 0.01755992853373899 -0.8274796718018891
1653340162.239335 -7.16041204453234 0.03084928786859399 -0.8279850823811516
1653340162.3393352 -7.060058232113711 0.044138647203449 -0.8284904929604142
1653340162.439335 -6.959704419695083 0.057428006538303995 -0.8289959035396768
1653340162.539335 -6.859407395139018 0.07081437366854146 -0.829537534458566
1653340162.6393352 -6.759871375983382 0.08550072732469693 -0.8305645485705615
1653340162.739335 -6.660335356827746 0.10018708098085241 -0.831591562682557
1653340162.8393352 -6.560799337672109 0.11487343463700789 -0.8326185767945523
1653340162.939335 -6.4613912954829615 0.12967234165360217 -0.8336447520378379
1653340163.039335 -6.363669806454612 0.1459545407891945 -0.8346598721927515
1653340163.1393352 -6.265948317426263 0.16223673992478682 -0.8356749923476652
1653340163.239335 -6.168226828397914 0.17851893906037916 -0.8366901125025787
1653340163.3393352 -6.071974994700532 0.19465250261463315 -0.8377855927629154
1653340163.439335 -5.994674438935004 0.20886940302131024 -0.8399173205436161
1653340163.539335 -5.917373883169475 0.22308630342798735 -0.8420490483243169
1653340163.6393352 -5.840073327403946 0.2373032038346644 -0.8441807761050176
1653340163.739335 -5.763840682597082 0.2512185686542249 -0.8461920979967102
1653340163.8393352 -5.701188285336154 0.26129941161245684 -0.84667226060452
1653340163.939335 -5.638535888075226 0.27138025457068876 -0.8471524232123299
1653340164.039335 -5.575883490814298 0.2814610975289206 -0.8476325858201397
1653340164.1393352 -5.512985978968352 0.2914221911649372 -0.8479705369272905
1653340164.239335 -5.446959470016544 0.2998546312423973 -0.8464930947401125
1653340164.3393352 -5.380932961064734 0.3082870713198574 -0.8450156525529344
1653340164.439335 -5.314906452112925 0.31671951139731747 -0.8435382103657564
1653340164.539335 -5.249010344459628 0.3240442487152108 -0.8421582832876827
1653340164.6393352 -5.184771849289496 0.3172882832882627 -0.8420179317659318
1653340164.739335 -5.120533354119364 0.31053231786131463 -0.8418775802441807
1653340164.8393352 -5.056294858949232 0.3037763524343665 -0.8417372287224296
1653340164.939335 -4.995233056114813 0.29732741595658624 -0.8416143036490585
1653340165.039335 -4.984220356349141 0.29571575104874653 -0.8417659339996676
1653340165.1393352 -4.97320765658347 0.29410408614090683 -0.8419175643502768
1653340165.239335 -4.9621949568177985 0.2924924212330671 -0.8420691947008858
1653340165.3393352 -4.951826121654021 0.29097005001002735 -0.8422202511188042
1653340165.439335 -4.951677996583762 0.2908651272114516 -0.8423621969261551
1653340165.539335 -4.951529871513503 0.2907602044128758 -0.842504142733506
1653340165.6393352 -4.951381746443245 0.2906552816143 -0.842646088540857
1653340165.739335 -4.951231804652346 0.2905877953942194 -0.8428466160740811
1653340165.8393352 -4.951058426622113 0.29100325222744067 -0.8438028653825876
1653340165.939335 -4.950885048591882 0.29141870906066186 -0.8447591146910942
1653340166.039335 -4.95071167056165 0.2918341658938831 -0.8457153639996008
1653340166.1393352 -4.9505594879015575 0.29221219396954473 -0.8465705461515067
1653340166.239335 -4.9506828699582295 0.29210360421743653 -0.8461117365117932
1653340166.3393352 -4.950806252014902 0.29199501446532833 -0.8456529268720796
1653340166.439335 -4.950929634071574 0.2918864247132202 -0.845194117232366
1653340166.539335 -4.951046811732403 0.2917693119383275 -0.8447277429192929
1653340166.6393352 -4.9510833585816805 0.2915414360430153 -0.8441630599606302
1653340166.739335 -4.951119905430957 0.2913135601477031 -0.8435983770019676
1653340166.8393352 -4.951156452280235 0.2910856842523909 -0.843033694043305
1653340166.939335 -4.951191877351826 0.29086956986942614 -0.8424905348064189
1653340167.039335 -4.951212723341385 0.29080631291581877 -0.8422271066690508
1653340167.1393352 -4.9512335693309435 0.29074305596221145 -0.8419636785316826
1653340167.239335 -4.951254415320502 0.2906797990086041 -0.8417002503943146
1653340167.3393352 -4.951278565177961 0.29062017132547396 -0.8414501784263928
1653340167.439335 -4.951345697320983 0.29060775931342075 -0.8413738660356018
1653340167.539335 -4.951412829464005 0.2905953473013676 -0.8412975536448108
1653340167.6393352 -4.951479961607029 0.2905829352893144 -0.8412212412540199
1653340167.739335 -4.951524877063914 0.2905695164071511 -0.8411450428571113
1653340167.8393352 -4.9512825239483345 0.290543078385347 -0.8410703184361003
1653340167.939335 -4.951040170832756 0.29051664036354286 -0.840995594015089
1653340168.039335 -4.950797817717176 0.2904902023417387 -0.840920869594078
1653340168.1393352 -4.950579133447238 0.2904657683777058 -0.840853784974749
1653340168.239335 -4.95066039405244 0.29046673095675263 -0.8408835162034092
1653340168.3393352 -4.950741654657642 0.29046769353579943 -0.8409132474320694
1653340168.439335 -4.950822915262843 0.29046865611484624 -0.8409429786607295
1653340168.539335 -4.950908906106864 0.2904702029895743 -0.8409745899683561
1653340168.6393352 -4.9510539520915975 0.2904790445623064 -0.8410296733103014
1653340168.739335 -4.951198998076331 0.29048788613503845 -0.8410847566522467
1653340168.8393352 -4.951344044061064 0.2904967277077706 -0.8411398399941921
1653340168.939335 -4.951480107992786 0.29050503504620956 -0.8411934551234428
1653340169.039335 -4.951504459863177 0.2905066979778473 -0.841228809720677
1653340169.1393352 -4.951528811733566 0.290508360909485 -0.8412641643179113
1653340169.239335 -4.951553163603957 0.29051002384112273 -0.8412995189151455
